accuracy,auc,predicted_labels,expected_labels,train_sets,test_sets,dummy_accuracy,dummy_auc,dummy_predicted_labels,labels,n_labels,chance
58.333333333333336,0,"['Bronze Back' 'Bronze Back' 'Bronze Back' 'Bronze Back' 'Bronze Back'
 'Python' 'Pit Viper' 'Python' 'Pit Viper' 'Pit Viper' 'Pit Viper'
 'Pit Viper' 'Pit Viper' 'Pit Viper' 'Bronze Back' 'Bronze Back'
 'Bronze Back' 'Bronze Back' 'Pit Viper' 'Python' 'Python' 'Pit Viper'
 'Pit Viper' 'Python']","['Bronze Back' 'Bronze Back' 'Bronze Back' 'Bronze Back' 'Bronze Back'
 'Bronze Back' 'Bronze Back' 'Pit Viper' 'Pit Viper' 'Pit Viper'
 'Pit Viper' 'Pit Viper' 'Pit Viper' 'Pit Viper' 'Pit Viper' 'Pit Viper'
 'Pit Viper' 'Pit Viper' 'Python' 'Python' 'Python' 'Python' 'Python'
 'Python']","[ 0  1  3  4  5  6  8  9 10 11 12 13 14 16 17 18 19 20 22 26 27 29 30 32
 33 34 36 37 38 39 40 41 43 44 45 46 47 48 49 50 52 54 55 57 58 59 61 63
 64 66 67 68 70 71 72 74 76 77 78 79 81 82 83 84 86 87 88 90 91 93 94 95
 96]",[ 2  7 15 21 23 24 25 28 31 35 42 51 53 56 60 62 65 69 73 75 80 85 89 92],45.83333333333333,50.0,"['Pit Viper' 'Pit Viper' 'Pit Viper' 'Pit Viper' 'Pit Viper' 'Pit Viper'
 'Pit Viper' 'Pit Viper' 'Pit Viper' 'Pit Viper' 'Pit Viper' 'Pit Viper'
 'Pit Viper' 'Pit Viper' 'Pit Viper' 'Pit Viper' 'Pit Viper' 'Pit Viper'
 'Pit Viper' 'Pit Viper' 'Pit Viper' 'Pit Viper' 'Pit Viper' 'Pit Viper']",['Bronze Back' 'Pit Viper' 'Python'],3,33.33333333333333
84.0,0,"['Bronze Back' 'Bronze Back' 'Bronze Back' 'Bronze Back' 'Bronze Back'
 'Bronze Back' 'Bronze Back' 'Pit Viper' 'Pit Viper' 'Pit Viper'
 'Pit Viper' 'Pit Viper' 'Pit Viper' 'Pit Viper' 'Pit Viper' 'Bronze Back'
 'Pit Viper' 'Pit Viper' 'Bronze Back' 'Bronze Back' 'Pit Viper' 'Python'
 'Python' 'Python' 'Python']","['Bronze Back' 'Bronze Back' 'Bronze Back' 'Bronze Back' 'Bronze Back'
 'Bronze Back' 'Bronze Back' 'Pit Viper' 'Pit Viper' 'Pit Viper'
 'Pit Viper' 'Pit Viper' 'Pit Viper' 'Pit Viper' 'Pit Viper' 'Pit Viper'
 'Pit Viper' 'Pit Viper' 'Pit Viper' 'Pit Viper' 'Python' 'Python'
 'Python' 'Python' 'Python']","[ 1  2  3  4  6  7  8 11 12 13 14 15 16 17 18 20 21 23 24 25 27 28 29 31
 32 33 34 35 36 41 42 43 46 47 48 49 51 53 54 55 56 58 59 60 61 62 64 65
 66 67 68 69 70 73 74 75 76 77 79 80 81 82 83 84 85 86 89 90 92 94 95 96]","[ 0  5  9 10 19 22 26 30 37 38 39 40 44 45 50 52 57 63 71 72 78 87 88 91
 93]",52.0,50.0,"['Pit Viper' 'Pit Viper' 'Pit Viper' 'Pit Viper' 'Pit Viper' 'Pit Viper'
 'Pit Viper' 'Pit Viper' 'Pit Viper' 'Pit Viper' 'Pit Viper' 'Pit Viper'
 'Pit Viper' 'Pit Viper' 'Pit Viper' 'Pit Viper' 'Pit Viper' 'Pit Viper'
 'Pit Viper' 'Pit Viper' 'Pit Viper' 'Pit Viper' 'Pit Viper' 'Pit Viper'
 'Pit Viper']",['Bronze Back' 'Pit Viper' 'Python'],3,33.33333333333333
73.91304347826086,0,"['Bronze Back' 'Bronze Back' 'Bronze Back' 'Bronze Back' 'Bronze Back'
 'Bronze Back' 'Bronze Back' 'Python' 'Pit Viper' 'Pit Viper' 'Pit Viper'
 'Pit Viper' 'Pit Viper' 'Pit Viper' 'Pit Viper' 'Bronze Back' 'Python'
 'Bronze Back' 'Pit Viper' 'Pit Viper' 'Pit Viper' 'Python' 'Python']","['Bronze Back' 'Bronze Back' 'Bronze Back' 'Bronze Back' 'Bronze Back'
 'Bronze Back' 'Bronze Back' 'Pit Viper' 'Pit Viper' 'Pit Viper'
 'Pit Viper' 'Pit Viper' 'Pit Viper' 'Pit Viper' 'Pit Viper' 'Pit Viper'
 'Pit Viper' 'Pit Viper' 'Pit Viper' 'Python' 'Python' 'Python' 'Python']","[ 0  1  2  3  4  6  7  8 11 12 13 14 15 18 19 21 22 23 24 25 27 28 29 31
 32 34 35 36 37 39 41 42 43 46 48 50 51 52 53 54 55 56 57 60 61 62 63 64
 65 66 67 68 69 72 73 74 75 76 77 79 80 81 83 84 85 87 88 89 90 91 92 93
 94 95]",[ 5  9 10 16 17 20 26 30 33 38 40 44 45 47 49 58 59 70 71 78 82 86 96],52.17391304347826,50.0,"['Pit Viper' 'Pit Viper' 'Pit Viper' 'Pit Viper' 'Pit Viper' 'Pit Viper'
 'Pit Viper' 'Pit Viper' 'Pit Viper' 'Pit Viper' 'Pit Viper' 'Pit Viper'
 'Pit Viper' 'Pit Viper' 'Pit Viper' 'Pit Viper' 'Pit Viper' 'Pit Viper'
 'Pit Viper' 'Pit Viper' 'Pit Viper' 'Pit Viper' 'Pit Viper']",['Bronze Back' 'Pit Viper' 'Python'],3,33.33333333333333
66.66666666666666,0,"['Bronze Back' 'Bronze Back' 'Bronze Back' 'Python' 'Python' 'Pit Viper'
 'Pit Viper' 'Pit Viper' 'Pit Viper' 'Pit Viper' 'Pit Viper' 'Bronze Back'
 'Pit Viper' 'Bronze Back' 'Pit Viper' 'Python' 'Python' 'Pit Viper']","['Bronze Back' 'Bronze Back' 'Bronze Back' 'Pit Viper' 'Pit Viper'
 'Pit Viper' 'Pit Viper' 'Pit Viper' 'Pit Viper' 'Pit Viper' 'Pit Viper'
 'Pit Viper' 'Pit Viper' 'Pit Viper' 'Python' 'Python' 'Python' 'Python']","[ 0  1  2  3  4  5  6  7  8 10 11 12 13 14 15 17 18 19 20 21 22 24 25 26
 27 29 32 33 34 35 36 37 38 40 41 43 45 46 47 48 50 51 52 53 54 55 56 58
 59 60 61 64 65 66 67 68 69 70 72 73 74 75 76 77 78 79 80 81 83 84 86 88
 90 91 92 93 94 95 96]",[ 9 16 23 28 30 31 39 42 44 49 57 62 63 71 82 85 87 89],61.111111111111114,50.0,"['Pit Viper' 'Pit Viper' 'Pit Viper' 'Pit Viper' 'Pit Viper' 'Pit Viper'
 'Pit Viper' 'Pit Viper' 'Pit Viper' 'Pit Viper' 'Pit Viper' 'Pit Viper'
 'Pit Viper' 'Pit Viper' 'Pit Viper' 'Pit Viper' 'Pit Viper' 'Pit Viper']",['Bronze Back' 'Pit Viper' 'Python'],3,33.33333333333333
77.27272727272727,0,"['Pit Viper' 'Bronze Back' 'Bronze Back' 'Pit Viper' 'Pit Viper'
 'Pit Viper' 'Pit Viper' 'Pit Viper' 'Pit Viper' 'Pit Viper' 'Pit Viper'
 'Pit Viper' 'Pit Viper' 'Pit Viper' 'Python' 'Pit Viper' 'Python'
 'Pit Viper' 'Python' 'Python' 'Python' 'Python']","['Bronze Back' 'Bronze Back' 'Bronze Back' 'Bronze Back' 'Bronze Back'
 'Pit Viper' 'Pit Viper' 'Pit Viper' 'Pit Viper' 'Pit Viper' 'Pit Viper'
 'Pit Viper' 'Pit Viper' 'Pit Viper' 'Pit Viper' 'Pit Viper' 'Python'
 'Python' 'Python' 'Python' 'Python' 'Python']","[ 0  2  3  5  6  7  8  9 10 12 14 15 16 17 18 20 21 22 23 24 25 26 27 28
 30 31 32 33 34 35 36 37 38 40 42 44 45 46 47 48 49 51 52 53 54 56 58 59
 60 62 64 65 67 69 70 71 72 73 75 77 78 79 80 81 82 83 85 86 88 89 90 92
 94 95 96]",[ 1  4 11 13 19 29 39 41 43 50 55 57 61 63 66 68 74 76 84 87 91 93],50.0,50.0,"['Pit Viper' 'Pit Viper' 'Pit Viper' 'Pit Viper' 'Pit Viper' 'Pit Viper'
 'Pit Viper' 'Pit Viper' 'Pit Viper' 'Pit Viper' 'Pit Viper' 'Pit Viper'
 'Pit Viper' 'Pit Viper' 'Pit Viper' 'Pit Viper' 'Pit Viper' 'Pit Viper'
 'Pit Viper' 'Pit Viper' 'Pit Viper' 'Pit Viper']",['Bronze Back' 'Pit Viper' 'Python'],3,33.33333333333333
50.0,0,"['Bronze Back' 'Bronze Back' 'Pit Viper' 'Bronze Back' 'Python' 'Python'
 'Pit Viper' 'Pit Viper' 'Pit Viper' 'Pit Viper' 'Bronze Back'
 'Bronze Back' 'Bronze Back' 'Pit Viper' 'Pit Viper' 'Pit Viper' 'Python'
 'Pit Viper' 'Pit Viper' 'Python']","['Bronze Back' 'Bronze Back' 'Bronze Back' 'Bronze Back' 'Bronze Back'
 'Pit Viper' 'Pit Viper' 'Pit Viper' 'Pit Viper' 'Pit Viper' 'Pit Viper'
 'Pit Viper' 'Pit Viper' 'Pit Viper' 'Python' 'Python' 'Python' 'Python'
 'Python' 'Python']","[ 0  1  2  3  4  5  6  7  8 10 11 12 13 14 15 16 18 21 22 23 25 26 27 28
 29 31 32 34 35 36 37 38 39 40 41 42 43 45 46 47 48 49 51 52 54 55 56 57
 59 60 61 62 63 64 66 67 68 69 72 75 76 77 78 79 80 81 82 83 84 85 86 87
 88 89 90 94 95]",[ 9 17 19 20 24 30 33 44 50 53 58 65 70 71 73 74 91 92 93 96],45.0,50.0,"['Pit Viper' 'Pit Viper' 'Pit Viper' 'Pit Viper' 'Pit Viper' 'Pit Viper'
 'Pit Viper' 'Pit Viper' 'Pit Viper' 'Pit Viper' 'Pit Viper' 'Pit Viper'
 'Pit Viper' 'Pit Viper' 'Pit Viper' 'Pit Viper' 'Pit Viper' 'Pit Viper'
 'Pit Viper' 'Pit Viper']",['Bronze Back' 'Pit Viper' 'Python'],3,33.33333333333333
66.66666666666666,0,"['Bronze Back' 'Pit Viper' 'Bronze Back' 'Bronze Back' 'Bronze Back'
 'Pit Viper' 'Pit Viper' 'Bronze Back' 'Pit Viper' 'Python' 'Pit Viper'
 'Pit Viper' 'Pit Viper' 'Pit Viper' 'Pit Viper' 'Pit Viper' 'Pit Viper'
 'Pit Viper' 'Pit Viper' 'Python' 'Pit Viper' 'Pit Viper' 'Pit Viper'
 'Pit Viper']","['Bronze Back' 'Bronze Back' 'Bronze Back' 'Bronze Back' 'Bronze Back'
 'Bronze Back' 'Bronze Back' 'Bronze Back' 'Pit Viper' 'Pit Viper'
 'Pit Viper' 'Pit Viper' 'Pit Viper' 'Pit Viper' 'Pit Viper' 'Pit Viper'
 'Pit Viper' 'Pit Viper' 'Pit Viper' 'Python' 'Python' 'Python' 'Python'
 'Python']","[ 0  1  4  6  7 11 12 13 14 15 16 17 18 19 20 21 22 23 24 28 29 31 33 34
 36 37 39 41 42 43 46 47 48 49 50 52 53 55 56 57 58 59 60 61 62 63 64 65
 66 67 68 69 70 72 73 74 76 77 79 80 81 82 84 85 86 87 88 89 91 92 93 94
 96]",[ 2  3  5  8  9 10 25 26 27 30 32 35 38 40 44 45 51 54 71 75 78 83 90 95],45.83333333333333,50.0,"['Pit Viper' 'Pit Viper' 'Pit Viper' 'Pit Viper' 'Pit Viper' 'Pit Viper'
 'Pit Viper' 'Pit Viper' 'Pit Viper' 'Pit Viper' 'Pit Viper' 'Pit Viper'
 'Pit Viper' 'Pit Viper' 'Pit Viper' 'Pit Viper' 'Pit Viper' 'Pit Viper'
 'Pit Viper' 'Pit Viper' 'Pit Viper' 'Pit Viper' 'Pit Viper' 'Pit Viper']",['Bronze Back' 'Pit Viper' 'Python'],3,33.33333333333333
52.17391304347826,0,"['Pit Viper' 'Bronze Back' 'Bronze Back' 'Pit Viper' 'Pit Viper'
 'Bronze Back' 'Bronze Back' 'Pit Viper' 'Pit Viper' 'Pit Viper'
 'Bronze Back' 'Bronze Back' 'Bronze Back' 'Pit Viper' 'Pit Viper'
 'Bronze Back' 'Pit Viper' 'Pit Viper' 'Python' 'Python' 'Pit Viper'
 'Python' 'Bronze Back']","['Bronze Back' 'Bronze Back' 'Bronze Back' 'Bronze Back' 'Bronze Back'
 'Bronze Back' 'Bronze Back' 'Pit Viper' 'Pit Viper' 'Pit Viper'
 'Pit Viper' 'Pit Viper' 'Pit Viper' 'Pit Viper' 'Pit Viper' 'Pit Viper'
 'Python' 'Python' 'Python' 'Python' 'Python' 'Python' 'Python']","[ 0  1  2  4  5  8  9 10 11 13 14 16 17 18 19 20 22 23 25 26 28 29 30 31
 32 33 34 35 36 37 38 39 40 41 42 43 44 45 47 48 49 50 51 52 55 57 58 59
 61 62 63 66 67 68 70 71 72 75 76 77 78 81 82 83 84 85 86 87 88 89 91 93
 94 96]",[ 3  6  7 12 15 21 24 27 46 53 54 56 60 64 65 69 73 74 79 80 90 92 95],39.130434782608695,50.0,"['Pit Viper' 'Pit Viper' 'Pit Viper' 'Pit Viper' 'Pit Viper' 'Pit Viper'
 'Pit Viper' 'Pit Viper' 'Pit Viper' 'Pit Viper' 'Pit Viper' 'Pit Viper'
 'Pit Viper' 'Pit Viper' 'Pit Viper' 'Pit Viper' 'Pit Viper' 'Pit Viper'
 'Pit Viper' 'Pit Viper' 'Pit Viper' 'Pit Viper' 'Pit Viper']",['Bronze Back' 'Pit Viper' 'Python'],3,33.33333333333333
68.0,0,"['Bronze Back' 'Bronze Back' 'Pit Viper' 'Bronze Back' 'Bronze Back'
 'Bronze Back' 'Bronze Back' 'Bronze Back' 'Pit Viper' 'Pit Viper'
 'Pit Viper' 'Pit Viper' 'Pit Viper' 'Pit Viper' 'Pit Viper' 'Bronze Back'
 'Bronze Back' 'Pit Viper' 'Bronze Back' 'Bronze Back' 'Pit Viper'
 'Python' 'Pit Viper' 'Pit Viper' 'Python']","['Bronze Back' 'Bronze Back' 'Bronze Back' 'Bronze Back' 'Bronze Back'
 'Bronze Back' 'Bronze Back' 'Bronze Back' 'Pit Viper' 'Pit Viper'
 'Pit Viper' 'Pit Viper' 'Pit Viper' 'Pit Viper' 'Pit Viper' 'Pit Viper'
 'Pit Viper' 'Pit Viper' 'Pit Viper' 'Pit Viper' 'Python' 'Python'
 'Python' 'Python' 'Python']","[ 1  2  3  5  6  7  8  9 10 11 12 14 15 18 19 21 24 25 26 27 28 29 30 32
 34 35 36 38 39 40 41 43 44 45 46 47 48 50 51 53 54 56 57 59 60 61 63 64
 65 66 67 69 71 73 74 75 76 77 78 79 80 81 83 86 87 89 90 91 92 93 94 95]","[ 0  4 13 16 17 20 22 23 31 33 37 42 49 52 55 58 62 68 70 72 82 84 85 88
 96]",48.0,50.0,"['Pit Viper' 'Pit Viper' 'Pit Viper' 'Pit Viper' 'Pit Viper' 'Pit Viper'
 'Pit Viper' 'Pit Viper' 'Pit Viper' 'Pit Viper' 'Pit Viper' 'Pit Viper'
 'Pit Viper' 'Pit Viper' 'Pit Viper' 'Pit Viper' 'Pit Viper' 'Pit Viper'
 'Pit Viper' 'Pit Viper' 'Pit Viper' 'Pit Viper' 'Pit Viper' 'Pit Viper'
 'Pit Viper']",['Bronze Back' 'Pit Viper' 'Python'],3,33.33333333333333
57.89473684210527,0,"['Pit Viper' 'Pit Viper' 'Bronze Back' 'Pit Viper' 'Pit Viper' 'Pit Viper'
 'Pit Viper' 'Pit Viper' 'Pit Viper' 'Pit Viper' 'Pit Viper' 'Bronze Back'
 'Python' 'Pit Viper' 'Python' 'Pit Viper' 'Python' 'Python' 'Pit Viper']","['Bronze Back' 'Bronze Back' 'Bronze Back' 'Bronze Back' 'Bronze Back'
 'Pit Viper' 'Pit Viper' 'Pit Viper' 'Pit Viper' 'Pit Viper' 'Pit Viper'
 'Pit Viper' 'Python' 'Python' 'Python' 'Python' 'Python' 'Python'
 'Python']","[ 0  1  2  4  5  6  7  9 10 11 12 13 14 15 16 17 20 21 22 24 25 26 28 29
 30 33 34 35 36 37 38 39 40 41 43 44 45 46 47 48 49 51 52 53 55 56 57 58
 59 60 61 63 64 65 66 67 68 69 70 71 72 73 74 75 76 78 79 80 81 82 84 86
 87 88 89 92 94 96]",[ 3  8 18 19 23 27 31 32 42 50 54 62 77 83 85 90 91 93 95],36.84210526315789,50.0,"['Pit Viper' 'Pit Viper' 'Pit Viper' 'Pit Viper' 'Pit Viper' 'Pit Viper'
 'Pit Viper' 'Pit Viper' 'Pit Viper' 'Pit Viper' 'Pit Viper' 'Pit Viper'
 'Pit Viper' 'Pit Viper' 'Pit Viper' 'Pit Viper' 'Pit Viper' 'Pit Viper'
 'Pit Viper']",['Bronze Back' 'Pit Viper' 'Python'],3,33.33333333333333
68.0,0,"['Bronze Back' 'Bronze Back' 'Pit Viper' 'Pit Viper' 'Pit Viper'
 'Bronze Back' 'Bronze Back' 'Bronze Back' 'Bronze Back' 'Pit Viper'
 'Pit Viper' 'Pit Viper' 'Pit Viper' 'Pit Viper' 'Pit Viper' 'Pit Viper'
 'Bronze Back' 'Pit Viper' 'Pit Viper' 'Pit Viper' 'Pit Viper' 'Python'
 'Pit Viper' 'Pit Viper' 'Python']","['Bronze Back' 'Bronze Back' 'Bronze Back' 'Bronze Back' 'Bronze Back'
 'Bronze Back' 'Bronze Back' 'Bronze Back' 'Bronze Back' 'Pit Viper'
 'Pit Viper' 'Pit Viper' 'Pit Viper' 'Pit Viper' 'Pit Viper' 'Pit Viper'
 'Pit Viper' 'Pit Viper' 'Pit Viper' 'Python' 'Python' 'Python' 'Python'
 'Python' 'Python']","[ 0  1  2  3  4  6  9 11 12 13 14 17 18 19 20 22 23 25 27 28 29 30 31 33
 34 35 36 37 39 41 42 43 44 46 47 48 50 51 52 54 55 57 58 59 61 62 63 64
 66 67 68 70 71 72 74 75 76 77 79 81 84 85 86 87 88 89 90 91 93 94 95 96]","[ 5  7  8 10 15 16 21 24 26 32 38 40 45 49 53 56 60 65 69 73 78 80 82 83
 92]",40.0,50.0,"['Pit Viper' 'Pit Viper' 'Pit Viper' 'Pit Viper' 'Pit Viper' 'Pit Viper'
 'Pit Viper' 'Pit Viper' 'Pit Viper' 'Pit Viper' 'Pit Viper' 'Pit Viper'
 'Pit Viper' 'Pit Viper' 'Pit Viper' 'Pit Viper' 'Pit Viper' 'Pit Viper'
 'Pit Viper' 'Pit Viper' 'Pit Viper' 'Pit Viper' 'Pit Viper' 'Pit Viper'
 'Pit Viper']",['Bronze Back' 'Pit Viper' 'Python'],3,33.33333333333333
66.66666666666666,0,"['Bronze Back' 'Bronze Back' 'Bronze Back' 'Pit Viper' 'Pit Viper'
 'Pit Viper' 'Bronze Back' 'Pit Viper' 'Pit Viper' 'Pit Viper' 'Pit Viper'
 'Pit Viper' 'Pit Viper' 'Pit Viper' 'Bronze Back' 'Python' 'Pit Viper'
 'Pit Viper' 'Python' 'Pit Viper' 'Python']","['Bronze Back' 'Bronze Back' 'Bronze Back' 'Bronze Back' 'Bronze Back'
 'Bronze Back' 'Bronze Back' 'Pit Viper' 'Pit Viper' 'Pit Viper'
 'Pit Viper' 'Pit Viper' 'Pit Viper' 'Pit Viper' 'Pit Viper' 'Python'
 'Python' 'Python' 'Python' 'Python' 'Python']","[ 0  1  3  4  6  7  9 11 12 13 14 15 16 17 19 20 21 22 23 24 27 28 29 30
 31 33 34 37 39 41 42 43 44 46 47 48 49 50 52 53 54 55 56 57 58 59 60 61
 62 63 64 65 66 68 69 70 71 72 73 74 76 79 80 82 84 85 86 87 88 89 90 91
 92 93 95 96]",[ 2  5  8 10 18 25 26 32 35 36 38 40 45 51 67 75 77 78 81 83 94],38.095238095238095,50.0,"['Pit Viper' 'Pit Viper' 'Pit Viper' 'Pit Viper' 'Pit Viper' 'Pit Viper'
 'Pit Viper' 'Pit Viper' 'Pit Viper' 'Pit Viper' 'Pit Viper' 'Pit Viper'
 'Pit Viper' 'Pit Viper' 'Pit Viper' 'Pit Viper' 'Pit Viper' 'Pit Viper'
 'Pit Viper' 'Pit Viper' 'Pit Viper']",['Bronze Back' 'Pit Viper' 'Python'],3,33.33333333333333
78.26086956521739,0,"['Bronze Back' 'Bronze Back' 'Bronze Back' 'Bronze Back' 'Bronze Back'
 'Bronze Back' 'Bronze Back' 'Pit Viper' 'Pit Viper' 'Pit Viper'
 'Pit Viper' 'Pit Viper' 'Pit Viper' 'Pit Viper' 'Bronze Back' 'Python'
 'Bronze Back' 'Bronze Back' 'Python' 'Pit Viper' 'Python' 'Python'
 'Python']","['Bronze Back' 'Bronze Back' 'Bronze Back' 'Bronze Back' 'Bronze Back'
 'Bronze Back' 'Bronze Back' 'Pit Viper' 'Pit Viper' 'Pit Viper'
 'Pit Viper' 'Pit Viper' 'Pit Viper' 'Pit Viper' 'Pit Viper' 'Pit Viper'
 'Pit Viper' 'Pit Viper' 'Python' 'Python' 'Python' 'Python' 'Python']","[ 1  2  3  4  6  7  8  9 11 12 13 14 15 16 18 19 21 23 24 25 27 28 29 30
 31 32 34 35 36 39 41 42 43 44 46 48 49 50 51 53 54 55 56 57 60 61 62 63
 64 65 66 67 68 69 71 73 75 76 77 79 80 81 82 83 84 85 87 89 90 91 92 93
 94 95]",[ 0  5 10 17 20 22 26 33 37 38 40 45 47 52 58 59 70 72 74 78 86 88 96],47.82608695652174,50.0,"['Pit Viper' 'Pit Viper' 'Pit Viper' 'Pit Viper' 'Pit Viper' 'Pit Viper'
 'Pit Viper' 'Pit Viper' 'Pit Viper' 'Pit Viper' 'Pit Viper' 'Pit Viper'
 'Pit Viper' 'Pit Viper' 'Pit Viper' 'Pit Viper' 'Pit Viper' 'Pit Viper'
 'Pit Viper' 'Pit Viper' 'Pit Viper' 'Pit Viper' 'Pit Viper']",['Bronze Back' 'Pit Viper' 'Python'],3,33.33333333333333
58.82352941176471,0,"['Pit Viper' 'Pit Viper' 'Pit Viper' 'Pit Viper' 'Pit Viper' 'Pit Viper'
 'Pit Viper' 'Pit Viper' 'Pit Viper' 'Bronze Back' 'Pit Viper' 'Python'
 'Python' 'Python' 'Pit Viper' 'Python' 'Python']","['Bronze Back' 'Bronze Back' 'Bronze Back' 'Bronze Back' 'Bronze Back'
 'Pit Viper' 'Pit Viper' 'Pit Viper' 'Pit Viper' 'Pit Viper' 'Pit Viper'
 'Python' 'Python' 'Python' 'Python' 'Python' 'Python']","[ 0  1  2  3  4  5  7  8  9 10 11 13 14 15 16 17 20 21 22 24 25 26 27 28
 29 30 32 33 34 35 36 37 38 39 40 41 43 44 45 47 48 49 51 52 53 54 55 56
 57 58 59 60 61 63 65 66 67 68 69 70 71 72 73 75 76 78 80 81 82 83 84 86
 87 88 89 90 92 94 95 96]",[ 6 12 18 19 23 31 42 46 50 62 64 74 77 79 85 91 93],35.294117647058826,50.0,"['Pit Viper' 'Pit Viper' 'Pit Viper' 'Pit Viper' 'Pit Viper' 'Pit Viper'
 'Pit Viper' 'Pit Viper' 'Pit Viper' 'Pit Viper' 'Pit Viper' 'Pit Viper'
 'Pit Viper' 'Pit Viper' 'Pit Viper' 'Pit Viper' 'Pit Viper']",['Bronze Back' 'Pit Viper' 'Python'],3,33.33333333333333
66.66666666666666,0,"['Bronze Back' 'Bronze Back' 'Pit Viper' 'Bronze Back' 'Pit Viper'
 'Bronze Back' 'Bronze Back' 'Pit Viper' 'Pit Viper' 'Pit Viper'
 'Pit Viper' 'Pit Viper' 'Pit Viper' 'Bronze Back' 'Pit Viper' 'Pit Viper'
 'Pit Viper' 'Bronze Back' 'Python' 'Pit Viper' 'Python' 'Python'
 'Pit Viper' 'Pit Viper']","['Bronze Back' 'Bronze Back' 'Bronze Back' 'Bronze Back' 'Bronze Back'
 'Bronze Back' 'Bronze Back' 'Bronze Back' 'Pit Viper' 'Pit Viper'
 'Pit Viper' 'Pit Viper' 'Pit Viper' 'Pit Viper' 'Pit Viper' 'Pit Viper'
 'Pit Viper' 'Pit Viper' 'Python' 'Python' 'Python' 'Python' 'Python'
 'Python']","[ 1  5  6  7  8  9 10 11 12 14 15 17 18 19 20 21 23 24 26 28 29 30 31 32
 33 34 36 38 39 40 41 42 43 44 45 46 47 48 50 53 56 57 58 59 60 61 62 63
 64 65 66 67 69 70 71 73 74 76 77 78 79 80 81 83 85 86 87 89 91 92 93 94
 96]",[ 0  2  3  4 13 16 22 25 27 35 37 49 51 52 54 55 68 72 75 82 84 88 90 95],41.66666666666667,50.0,"['Pit Viper' 'Pit Viper' 'Pit Viper' 'Pit Viper' 'Pit Viper' 'Pit Viper'
 'Pit Viper' 'Pit Viper' 'Pit Viper' 'Pit Viper' 'Pit Viper' 'Pit Viper'
 'Pit Viper' 'Pit Viper' 'Pit Viper' 'Pit Viper' 'Pit Viper' 'Pit Viper'
 'Pit Viper' 'Pit Viper' 'Pit Viper' 'Pit Viper' 'Pit Viper' 'Pit Viper']",['Bronze Back' 'Pit Viper' 'Python'],3,33.33333333333333
65.21739130434783,0,"['Pit Viper' 'Pit Viper' 'Bronze Back' 'Bronze Back' 'Bronze Back'
 'Pit Viper' 'Pit Viper' 'Pit Viper' 'Pit Viper' 'Pit Viper' 'Pit Viper'
 'Pit Viper' 'Bronze Back' 'Bronze Back' 'Pit Viper' 'Pit Viper'
 'Pit Viper' 'Python' 'Python' 'Bronze Back' 'Python' 'Bronze Back'
 'Bronze Back']","['Bronze Back' 'Bronze Back' 'Bronze Back' 'Bronze Back' 'Bronze Back'
 'Pit Viper' 'Pit Viper' 'Pit Viper' 'Pit Viper' 'Pit Viper' 'Pit Viper'
 'Pit Viper' 'Pit Viper' 'Pit Viper' 'Pit Viper' 'Pit Viper' 'Pit Viper'
 'Pit Viper' 'Python' 'Python' 'Python' 'Python' 'Python']","[ 0  2  4  5  6  7  9 10 12 13 15 16 17 18 19 20 21 22 23 24 25 26 28 30
 31 33 35 36 37 38 40 42 44 45 46 47 49 50 51 52 53 55 56 58 59 60 62 64
 65 67 68 69 70 71 72 73 74 75 77 78 79 80 81 82 84 85 86 88 89 91 92 93
 94 96]",[ 1  3  8 11 14 27 29 32 34 39 41 43 48 54 57 61 63 66 76 83 87 90 95],56.52173913043478,50.0,"['Pit Viper' 'Pit Viper' 'Pit Viper' 'Pit Viper' 'Pit Viper' 'Pit Viper'
 'Pit Viper' 'Pit Viper' 'Pit Viper' 'Pit Viper' 'Pit Viper' 'Pit Viper'
 'Pit Viper' 'Pit Viper' 'Pit Viper' 'Pit Viper' 'Pit Viper' 'Pit Viper'
 'Pit Viper' 'Pit Viper' 'Pit Viper' 'Pit Viper' 'Pit Viper']",['Bronze Back' 'Pit Viper' 'Python'],3,33.33333333333333
66.66666666666666,0,"['Bronze Back' 'Bronze Back' 'Pit Viper' 'Pit Viper' 'Bronze Back'
 'Bronze Back' 'Bronze Back' 'Python' 'Pit Viper' 'Pit Viper' 'Pit Viper'
 'Pit Viper' 'Pit Viper' 'Bronze Back' 'Pit Viper' 'Bronze Back'
 'Pit Viper' 'Bronze Back' 'Pit Viper' 'Python' 'Pit Viper' 'Python'
 'Python' 'Python']","['Bronze Back' 'Bronze Back' 'Bronze Back' 'Bronze Back' 'Bronze Back'
 'Bronze Back' 'Bronze Back' 'Bronze Back' 'Pit Viper' 'Pit Viper'
 'Pit Viper' 'Pit Viper' 'Pit Viper' 'Pit Viper' 'Pit Viper' 'Pit Viper'
 'Pit Viper' 'Pit Viper' 'Python' 'Python' 'Python' 'Python' 'Python'
 'Python']","[ 0  1  2  3  5  7  8  9 10 11 14 15 18 19 21 22 23 25 26 27 28 29 30 31
 32 34 35 36 37 38 39 40 41 42 43 44 45 47 48 50 51 52 54 56 57 59 60 61
 62 63 66 67 69 71 72 74 75 76 77 78 80 81 83 85 86 87 88 89 90 91 93 94
 95]",[ 4  6 12 13 16 17 20 24 33 46 49 53 55 58 64 65 68 70 73 79 82 84 92 96],41.66666666666667,50.0,"['Pit Viper' 'Pit Viper' 'Pit Viper' 'Pit Viper' 'Pit Viper' 'Pit Viper'
 'Pit Viper' 'Pit Viper' 'Pit Viper' 'Pit Viper' 'Pit Viper' 'Pit Viper'
 'Pit Viper' 'Pit Viper' 'Pit Viper' 'Pit Viper' 'Pit Viper' 'Pit Viper'
 'Pit Viper' 'Pit Viper' 'Pit Viper' 'Pit Viper' 'Pit Viper' 'Pit Viper']",['Bronze Back' 'Pit Viper' 'Python'],3,33.33333333333333
52.17391304347826,0,"['Bronze Back' 'Bronze Back' 'Bronze Back' 'Bronze Back' 'Pit Viper'
 'Bronze Back' 'Python' 'Python' 'Pit Viper' 'Pit Viper' 'Bronze Back'
 'Pit Viper' 'Bronze Back' 'Pit Viper' 'Bronze Back' 'Bronze Back'
 'Bronze Back' 'Bronze Back' 'Pit Viper' 'Python' 'Pit Viper' 'Python'
 'Python']","['Bronze Back' 'Bronze Back' 'Bronze Back' 'Bronze Back' 'Bronze Back'
 'Bronze Back' 'Bronze Back' 'Pit Viper' 'Pit Viper' 'Pit Viper'
 'Pit Viper' 'Pit Viper' 'Pit Viper' 'Pit Viper' 'Pit Viper' 'Pit Viper'
 'Pit Viper' 'Pit Viper' 'Python' 'Python' 'Python' 'Python' 'Python']","[ 1  2  3  4  5  7 10 11 13 14 15 16 17 18 19 20 21 23 25 26 27 28 29 31
 33 34 35 36 38 39 40 41 42 43 45 47 48 49 50 51 54 55 56 57 58 59 60 61
 62 63 66 67 68 69 70 74 75 76 77 78 80 81 82 84 85 86 87 89 90 91 93 94
 95 96]",[ 0  6  8  9 12 22 24 30 32 37 44 46 52 53 64 65 71 72 73 79 83 88 92],47.82608695652174,50.0,"['Pit Viper' 'Pit Viper' 'Pit Viper' 'Pit Viper' 'Pit Viper' 'Pit Viper'
 'Pit Viper' 'Pit Viper' 'Pit Viper' 'Pit Viper' 'Pit Viper' 'Pit Viper'
 'Pit Viper' 'Pit Viper' 'Pit Viper' 'Pit Viper' 'Pit Viper' 'Pit Viper'
 'Pit Viper' 'Pit Viper' 'Pit Viper' 'Pit Viper' 'Pit Viper']",['Bronze Back' 'Pit Viper' 'Python'],3,33.33333333333333
48.0,0,"['Pit Viper' 'Bronze Back' 'Bronze Back' 'Bronze Back' 'Bronze Back'
 'Python' 'Python' 'Pit Viper' 'Python' 'Pit Viper' 'Pit Viper'
 'Pit Viper' 'Pit Viper' 'Pit Viper' 'Bronze Back' 'Bronze Back'
 'Bronze Back' 'Python' 'Bronze Back' 'Bronze Back' 'Pit Viper'
 'Pit Viper' 'Pit Viper' 'Python' 'Python']","['Bronze Back' 'Bronze Back' 'Bronze Back' 'Bronze Back' 'Bronze Back'
 'Bronze Back' 'Pit Viper' 'Pit Viper' 'Pit Viper' 'Pit Viper' 'Pit Viper'
 'Pit Viper' 'Pit Viper' 'Pit Viper' 'Pit Viper' 'Pit Viper' 'Pit Viper'
 'Pit Viper' 'Pit Viper' 'Pit Viper' 'Python' 'Python' 'Python' 'Python'
 'Python']","[ 0  2  3  4  5  6  7  8 10 12 13 14 15 16 18 19 21 22 23 25 26 27 31 32
 34 35 36 37 38 39 40 42 45 46 47 48 49 50 51 52 54 55 56 57 59 60 62 63
 64 67 68 69 72 74 75 77 78 79 80 81 82 83 84 85 86 87 88 90 91 93 94 95]","[ 1  9 11 17 20 24 28 29 30 33 41 43 44 53 58 61 65 66 70 71 73 76 89 92
 96]",56.00000000000001,50.0,"['Pit Viper' 'Pit Viper' 'Pit Viper' 'Pit Viper' 'Pit Viper' 'Pit Viper'
 'Pit Viper' 'Pit Viper' 'Pit Viper' 'Pit Viper' 'Pit Viper' 'Pit Viper'
 'Pit Viper' 'Pit Viper' 'Pit Viper' 'Pit Viper' 'Pit Viper' 'Pit Viper'
 'Pit Viper' 'Pit Viper' 'Pit Viper' 'Pit Viper' 'Pit Viper' 'Pit Viper'
 'Pit Viper']",['Bronze Back' 'Pit Viper' 'Python'],3,33.33333333333333
72.0,0,"['Pit Viper' 'Bronze Back' 'Bronze Back' 'Bronze Back' 'Bronze Back'
 'Pit Viper' 'Bronze Back' 'Pit Viper' 'Python' 'Pit Viper' 'Pit Viper'
 'Pit Viper' 'Pit Viper' 'Pit Viper' 'Pit Viper' 'Pit Viper' 'Pit Viper'
 'Bronze Back' 'Python' 'Pit Viper' 'Bronze Back' 'Python' 'Pit Viper'
 'Python' 'Python']","['Bronze Back' 'Bronze Back' 'Bronze Back' 'Bronze Back' 'Bronze Back'
 'Bronze Back' 'Bronze Back' 'Pit Viper' 'Pit Viper' 'Pit Viper'
 'Pit Viper' 'Pit Viper' 'Pit Viper' 'Pit Viper' 'Pit Viper' 'Pit Viper'
 'Pit Viper' 'Pit Viper' 'Pit Viper' 'Pit Viper' 'Pit Viper' 'Python'
 'Python' 'Python' 'Python']","[ 0  2  3  5  6  7 10 12 14 15 16 17 18 19 20 21 22 24 25 26 27 28 33 34
 35 36 37 38 39 40 45 46 47 48 49 50 51 52 53 54 56 57 58 59 60 63 64 65
 67 69 70 72 73 74 75 77 78 79 80 81 82 86 87 88 89 90 91 92 93 94 95 96]","[ 1  4  8  9 11 13 23 29 30 31 32 41 42 43 44 55 61 62 66 68 71 76 83 84
 85]",56.00000000000001,50.0,"['Pit Viper' 'Pit Viper' 'Pit Viper' 'Pit Viper' 'Pit Viper' 'Pit Viper'
 'Pit Viper' 'Pit Viper' 'Pit Viper' 'Pit Viper' 'Pit Viper' 'Pit Viper'
 'Pit Viper' 'Pit Viper' 'Pit Viper' 'Pit Viper' 'Pit Viper' 'Pit Viper'
 'Pit Viper' 'Pit Viper' 'Pit Viper' 'Pit Viper' 'Pit Viper' 'Pit Viper'
 'Pit Viper']",['Bronze Back' 'Pit Viper' 'Python'],3,33.33333333333333
54.54545454545454,0,"['Bronze Back' 'Pit Viper' 'Pit Viper' 'Pit Viper' 'Pit Viper'
 'Bronze Back' 'Pit Viper' 'Pit Viper' 'Pit Viper' 'Pit Viper'
 'Bronze Back' 'Pit Viper' 'Pit Viper' 'Pit Viper' 'Pit Viper'
 'Bronze Back' 'Pit Viper' 'Python' 'Pit Viper' 'Python' 'Pit Viper'
 'Pit Viper']","['Bronze Back' 'Bronze Back' 'Bronze Back' 'Bronze Back' 'Bronze Back'
 'Bronze Back' 'Pit Viper' 'Pit Viper' 'Pit Viper' 'Pit Viper' 'Pit Viper'
 'Pit Viper' 'Pit Viper' 'Pit Viper' 'Pit Viper' 'Pit Viper' 'Python'
 'Python' 'Python' 'Python' 'Python' 'Python']","[ 1  2  4  5  7  8  9 10 11 13 14 15 16 17 19 20 21 23 24 25 26 28 29 30
 31 32 33 34 35 36 38 40 41 42 43 44 45 47 48 49 50 51 53 55 56 58 59 60
 61 62 65 66 67 68 69 70 71 73 74 75 76 78 80 81 82 83 84 85 86 89 91 92
 93 94 96]",[ 0  3  6 12 18 22 27 37 39 46 52 54 57 63 64 72 77 79 87 88 90 95],45.45454545454545,50.0,"['Pit Viper' 'Pit Viper' 'Pit Viper' 'Pit Viper' 'Pit Viper' 'Pit Viper'
 'Pit Viper' 'Pit Viper' 'Pit Viper' 'Pit Viper' 'Pit Viper' 'Pit Viper'
 'Pit Viper' 'Pit Viper' 'Pit Viper' 'Pit Viper' 'Pit Viper' 'Pit Viper'
 'Pit Viper' 'Pit Viper' 'Pit Viper' 'Pit Viper']",['Bronze Back' 'Pit Viper' 'Python'],3,33.33333333333333
64.0,0,"['Bronze Back' 'Bronze Back' 'Bronze Back' 'Pit Viper' 'Pit Viper'
 'Bronze Back' 'Python' 'Pit Viper' 'Bronze Back' 'Pit Viper' 'Pit Viper'
 'Pit Viper' 'Pit Viper' 'Pit Viper' 'Pit Viper' 'Pit Viper' 'Pit Viper'
 'Bronze Back' 'Bronze Back' 'Pit Viper' 'Python' 'Pit Viper' 'Python'
 'Pit Viper' 'Python']","['Bronze Back' 'Bronze Back' 'Bronze Back' 'Bronze Back' 'Bronze Back'
 'Bronze Back' 'Bronze Back' 'Bronze Back' 'Bronze Back' 'Pit Viper'
 'Pit Viper' 'Pit Viper' 'Pit Viper' 'Pit Viper' 'Pit Viper' 'Pit Viper'
 'Pit Viper' 'Pit Viper' 'Pit Viper' 'Python' 'Python' 'Python' 'Python'
 'Python' 'Python']","[ 0  1  3  4  7  8  9 11 13 14 15 17 18 19 20 21 22 23 27 28 29 30 31 32
 33 34 36 37 39 41 42 43 44 47 48 50 52 54 55 56 57 58 59 60 61 62 63 66
 67 68 69 70 71 72 74 76 77 80 81 83 84 85 86 87 88 89 90 91 93 94 95 96]","[ 2  5  6 10 12 16 24 25 26 35 38 40 45 46 49 51 53 64 65 73 75 78 79 82
 92]",40.0,50.0,"['Pit Viper' 'Pit Viper' 'Pit Viper' 'Pit Viper' 'Pit Viper' 'Pit Viper'
 'Pit Viper' 'Pit Viper' 'Pit Viper' 'Pit Viper' 'Pit Viper' 'Pit Viper'
 'Pit Viper' 'Pit Viper' 'Pit Viper' 'Pit Viper' 'Pit Viper' 'Pit Viper'
 'Pit Viper' 'Pit Viper' 'Pit Viper' 'Pit Viper' 'Pit Viper' 'Pit Viper'
 'Pit Viper']",['Bronze Back' 'Pit Viper' 'Python'],3,33.33333333333333
61.904761904761905,0,"['Bronze Back' 'Bronze Back' 'Bronze Back' 'Pit Viper' 'Python' 'Python'
 'Pit Viper' 'Pit Viper' 'Bronze Back' 'Pit Viper' 'Pit Viper' 'Pit Viper'
 'Pit Viper' 'Bronze Back' 'Pit Viper' 'Bronze Back' 'Pit Viper'
 'Bronze Back' 'Python' 'Python' 'Python']","['Bronze Back' 'Bronze Back' 'Bronze Back' 'Bronze Back' 'Bronze Back'
 'Pit Viper' 'Pit Viper' 'Pit Viper' 'Pit Viper' 'Pit Viper' 'Pit Viper'
 'Pit Viper' 'Pit Viper' 'Pit Viper' 'Pit Viper' 'Pit Viper' 'Python'
 'Python' 'Python' 'Python' 'Python']","[ 0  1  2  3  5  6  7 10 11 12 14 15 16 17 18 19 20 21 22 23 25 26 27 28
 29 31 33 34 35 36 37 38 40 41 42 43 45 46 47 48 49 50 51 52 54 56 58 59
 60 61 62 64 66 67 69 70 72 74 75 76 77 78 79 80 81 82 85 86 88 89 90 91
 93 94 95 96]",[ 4  8  9 13 24 30 32 39 44 53 55 57 63 65 68 71 73 83 84 87 92],52.38095238095239,50.0,"['Pit Viper' 'Pit Viper' 'Pit Viper' 'Pit Viper' 'Pit Viper' 'Pit Viper'
 'Pit Viper' 'Pit Viper' 'Pit Viper' 'Pit Viper' 'Pit Viper' 'Pit Viper'
 'Pit Viper' 'Pit Viper' 'Pit Viper' 'Pit Viper' 'Pit Viper' 'Pit Viper'
 'Pit Viper' 'Pit Viper' 'Pit Viper']",['Bronze Back' 'Pit Viper' 'Python'],3,33.33333333333333
56.00000000000001,0,"['Bronze Back' 'Bronze Back' 'Pit Viper' 'Pit Viper' 'Pit Viper'
 'Bronze Back' 'Bronze Back' 'Pit Viper' 'Pit Viper' 'Pit Viper'
 'Pit Viper' 'Pit Viper' 'Bronze Back' 'Bronze Back' 'Python'
 'Bronze Back' 'Bronze Back' 'Bronze Back' 'Bronze Back' 'Python' 'Python'
 'Pit Viper' 'Python' 'Python' 'Python']","['Bronze Back' 'Bronze Back' 'Bronze Back' 'Bronze Back' 'Bronze Back'
 'Bronze Back' 'Bronze Back' 'Pit Viper' 'Pit Viper' 'Pit Viper'
 'Pit Viper' 'Pit Viper' 'Pit Viper' 'Pit Viper' 'Pit Viper' 'Pit Viper'
 'Pit Viper' 'Pit Viper' 'Pit Viper' 'Python' 'Python' 'Python' 'Python'
 'Python' 'Python']","[ 0  1  2  3  4  5  6  8  9 10 11 12 13 14 16 18 22 24 25 26 27 28 29 30
 32 34 35 36 37 38 39 40 41 43 44 45 46 48 49 51 52 53 54 55 57 61 63 64
 65 66 67 68 71 72 73 74 75 76 77 78 79 81 82 83 84 87 88 89 90 92 94 95]","[ 7 15 17 19 20 21 23 31 33 42 47 50 56 58 59 60 62 69 70 80 85 86 91 93
 96]",48.0,50.0,"['Pit Viper' 'Pit Viper' 'Pit Viper' 'Pit Viper' 'Pit Viper' 'Pit Viper'
 'Pit Viper' 'Pit Viper' 'Pit Viper' 'Pit Viper' 'Pit Viper' 'Pit Viper'
 'Pit Viper' 'Pit Viper' 'Pit Viper' 'Pit Viper' 'Pit Viper' 'Pit Viper'
 'Pit Viper' 'Pit Viper' 'Pit Viper' 'Pit Viper' 'Pit Viper' 'Pit Viper'
 'Pit Viper']",['Bronze Back' 'Pit Viper' 'Python'],3,33.33333333333333
50.0,0,"['Bronze Back' 'Pit Viper' 'Bronze Back' 'Bronze Back' 'Bronze Back'
 'Python' 'Pit Viper' 'Pit Viper' 'Pit Viper' 'Bronze Back' 'Pit Viper'
 'Bronze Back' 'Bronze Back' 'Bronze Back' 'Pit Viper' 'Python'
 'Pit Viper' 'Pit Viper' 'Pit Viper' 'Python']","['Bronze Back' 'Bronze Back' 'Bronze Back' 'Bronze Back' 'Bronze Back'
 'Pit Viper' 'Pit Viper' 'Pit Viper' 'Pit Viper' 'Pit Viper' 'Pit Viper'
 'Pit Viper' 'Pit Viper' 'Pit Viper' 'Python' 'Python' 'Python' 'Python'
 'Python' 'Python']","[ 1  2  3  4  5  6  7  8  9 10 11 12 13 14 15 16 17 19 20 21 25 26 27 29
 30 32 33 34 35 36 38 39 40 41 43 44 45 46 47 48 49 50 51 54 55 56 57 58
 59 60 61 63 64 66 67 68 69 70 71 74 75 76 78 79 80 81 82 83 84 86 87 90
 91 93 94 95 96]",[ 0 18 22 23 24 28 31 37 42 52 53 62 65 72 73 77 85 88 89 92],45.0,50.0,"['Pit Viper' 'Pit Viper' 'Pit Viper' 'Pit Viper' 'Pit Viper' 'Pit Viper'
 'Pit Viper' 'Pit Viper' 'Pit Viper' 'Pit Viper' 'Pit Viper' 'Pit Viper'
 'Pit Viper' 'Pit Viper' 'Pit Viper' 'Pit Viper' 'Pit Viper' 'Pit Viper'
 'Pit Viper' 'Pit Viper']",['Bronze Back' 'Pit Viper' 'Python'],3,33.33333333333333
73.07692307692307,0,"['Bronze Back' 'Bronze Back' 'Bronze Back' 'Bronze Back' 'Bronze Back'
 'Pit Viper' 'Bronze Back' 'Bronze Back' 'Bronze Back' 'Pit Viper'
 'Pit Viper' 'Pit Viper' 'Pit Viper' 'Pit Viper' 'Pit Viper' 'Bronze Back'
 'Bronze Back' 'Pit Viper' 'Bronze Back' 'Pit Viper' 'Pit Viper' 'Python'
 'Bronze Back' 'Python' 'Python' 'Python']","['Bronze Back' 'Bronze Back' 'Bronze Back' 'Bronze Back' 'Bronze Back'
 'Bronze Back' 'Bronze Back' 'Bronze Back' 'Bronze Back' 'Pit Viper'
 'Pit Viper' 'Pit Viper' 'Pit Viper' 'Pit Viper' 'Pit Viper' 'Pit Viper'
 'Pit Viper' 'Pit Viper' 'Pit Viper' 'Python' 'Python' 'Python' 'Python'
 'Python' 'Python' 'Python']","[ 0  1  2  3  4  6  9 11 12 13 14 16 17 18 20 22 23 25 27 28 29 30 31 33
 34 35 36 37 39 41 42 43 44 46 47 48 49 51 52 54 55 57 58 59 61 62 63 64
 66 67 68 70 71 72 74 75 76 77 79 81 82 84 85 86 87 88 89 90 94 95 96]","[ 5  7  8 10 15 19 21 24 26 32 38 40 45 50 53 56 60 65 69 73 78 80 83 91
 92 93]",38.46153846153847,50.0,"['Pit Viper' 'Pit Viper' 'Pit Viper' 'Pit Viper' 'Pit Viper' 'Pit Viper'
 'Pit Viper' 'Pit Viper' 'Pit Viper' 'Pit Viper' 'Pit Viper' 'Pit Viper'
 'Pit Viper' 'Pit Viper' 'Pit Viper' 'Pit Viper' 'Pit Viper' 'Pit Viper'
 'Pit Viper' 'Pit Viper' 'Pit Viper' 'Pit Viper' 'Pit Viper' 'Pit Viper'
 'Pit Viper' 'Pit Viper']",['Bronze Back' 'Pit Viper' 'Python'],3,33.33333333333333
85.71428571428571,0,"['Bronze Back' 'Bronze Back' 'Bronze Back' 'Bronze Back' 'Pit Viper'
 'Bronze Back' 'Pit Viper' 'Pit Viper' 'Pit Viper' 'Pit Viper' 'Pit Viper'
 'Pit Viper' 'Pit Viper' 'Pit Viper' 'Pit Viper' 'Pit Viper' 'Pit Viper'
 'Pit Viper' 'Python' 'Python' 'Python']","['Bronze Back' 'Bronze Back' 'Bronze Back' 'Bronze Back' 'Bronze Back'
 'Bronze Back' 'Pit Viper' 'Pit Viper' 'Pit Viper' 'Pit Viper' 'Pit Viper'
 'Pit Viper' 'Pit Viper' 'Pit Viper' 'Pit Viper' 'Pit Viper' 'Python'
 'Python' 'Python' 'Python' 'Python']","[ 0  1  2  3  4  6  7  8  9 11 12 13 15 17 18 20 21 22 23 24 25 27 28 29
 30 31 32 33 35 36 37 41 42 43 44 46 47 51 52 53 54 55 56 58 59 60 61 62
 64 65 66 67 68 69 70 71 72 73 74 75 76 77 79 80 81 83 84 85 86 88 89 90
 92 94 95 96]",[ 5 10 14 16 19 26 34 38 39 40 45 48 49 50 57 63 78 82 87 91 93],47.61904761904761,50.0,"['Pit Viper' 'Pit Viper' 'Pit Viper' 'Pit Viper' 'Pit Viper' 'Pit Viper'
 'Pit Viper' 'Pit Viper' 'Pit Viper' 'Pit Viper' 'Pit Viper' 'Pit Viper'
 'Pit Viper' 'Pit Viper' 'Pit Viper' 'Pit Viper' 'Pit Viper' 'Pit Viper'
 'Pit Viper' 'Pit Viper' 'Pit Viper']",['Bronze Back' 'Pit Viper' 'Python'],3,33.33333333333333
61.111111111111114,0,"['Pit Viper' 'Pit Viper' 'Bronze Back' 'Pit Viper' 'Pit Viper' 'Pit Viper'
 'Pit Viper' 'Pit Viper' 'Bronze Back' 'Pit Viper' 'Bronze Back'
 'Pit Viper' 'Python' 'Pit Viper' 'Python' 'Python' 'Pit Viper'
 'Bronze Back']","['Bronze Back' 'Bronze Back' 'Bronze Back' 'Pit Viper' 'Pit Viper'
 'Pit Viper' 'Pit Viper' 'Pit Viper' 'Pit Viper' 'Pit Viper' 'Pit Viper'
 'Pit Viper' 'Python' 'Python' 'Python' 'Python' 'Python' 'Python']","[ 0  1  2  4  5  6  7  9 10 11 12 13 14 15 16 17 18 19 20 21 22 24 25 26
 28 29 30 33 34 35 36 37 38 40 41 43 44 45 46 47 48 49 50 51 52 53 55 56
 58 59 60 61 64 65 66 67 68 69 70 71 72 73 75 76 77 78 79 80 81 82 84 86
 88 89 91 92 93 94 96]",[ 3  8 23 27 31 32 39 42 54 57 62 63 74 83 85 87 90 95],50.0,50.0,"['Pit Viper' 'Pit Viper' 'Pit Viper' 'Pit Viper' 'Pit Viper' 'Pit Viper'
 'Pit Viper' 'Pit Viper' 'Pit Viper' 'Pit Viper' 'Pit Viper' 'Pit Viper'
 'Pit Viper' 'Pit Viper' 'Pit Viper' 'Pit Viper' 'Pit Viper' 'Pit Viper']",['Bronze Back' 'Pit Viper' 'Python'],3,33.33333333333333
57.89473684210527,0,"['Bronze Back' 'Bronze Back' 'Bronze Back' 'Bronze Back' 'Bronze Back'
 'Bronze Back' 'Bronze Back' 'Pit Viper' 'Bronze Back' 'Pit Viper'
 'Bronze Back' 'Bronze Back' 'Bronze Back' 'Bronze Back' 'Pit Viper'
 'Python' 'Python' 'Pit Viper' 'Python']","['Bronze Back' 'Bronze Back' 'Bronze Back' 'Bronze Back' 'Bronze Back'
 'Bronze Back' 'Pit Viper' 'Pit Viper' 'Pit Viper' 'Pit Viper' 'Pit Viper'
 'Pit Viper' 'Pit Viper' 'Pit Viper' 'Python' 'Python' 'Python' 'Python'
 'Python']","[ 0  1  2  3  4  5  6  8  9 10 11 12 13 17 19 20 22 23 24 25 26 27 28 29
 30 31 32 33 35 37 38 39 40 41 42 43 44 45 46 47 50 51 52 53 54 55 57 58
 59 61 62 63 64 65 66 68 70 71 72 73 74 75 76 78 79 83 84 85 86 87 88 89
 90 91 92 93 95 96]",[ 7 14 15 16 18 21 34 36 48 49 56 60 67 69 77 80 81 82 94],42.10526315789473,50.0,"['Pit Viper' 'Pit Viper' 'Pit Viper' 'Pit Viper' 'Pit Viper' 'Pit Viper'
 'Pit Viper' 'Pit Viper' 'Pit Viper' 'Pit Viper' 'Pit Viper' 'Pit Viper'
 'Pit Viper' 'Pit Viper' 'Pit Viper' 'Pit Viper' 'Pit Viper' 'Pit Viper'
 'Pit Viper']",['Bronze Back' 'Pit Viper' 'Python'],3,33.33333333333333
76.0,0,"['Pit Viper' 'Bronze Back' 'Bronze Back' 'Pit Viper' 'Bronze Back'
 'Pit Viper' 'Bronze Back' 'Pit Viper' 'Python' 'Pit Viper' 'Pit Viper'
 'Pit Viper' 'Pit Viper' 'Pit Viper' 'Pit Viper' 'Pit Viper' 'Pit Viper'
 'Bronze Back' 'Python' 'Pit Viper' 'Python' 'Python' 'Python' 'Python'
 'Python']","['Bronze Back' 'Bronze Back' 'Bronze Back' 'Bronze Back' 'Bronze Back'
 'Bronze Back' 'Bronze Back' 'Pit Viper' 'Pit Viper' 'Pit Viper'
 'Pit Viper' 'Pit Viper' 'Pit Viper' 'Pit Viper' 'Pit Viper' 'Pit Viper'
 'Pit Viper' 'Pit Viper' 'Pit Viper' 'Pit Viper' 'Python' 'Python'
 'Python' 'Python' 'Python']","[ 0  2  3  5  6  7  8  9 10 12 15 16 17 18 20 21 22 24 25 26 27 28 30 32
 33 35 36 37 38 39 40 44 45 46 47 49 51 52 53 54 56 57 58 59 60 63 64 65
 67 69 70 71 72 73 74 75 77 78 79 80 81 82 83 86 87 88 89 90 92 94 95 96]","[ 1  4 11 13 14 19 23 29 31 34 41 42 43 48 50 55 61 62 66 68 76 84 85 91
 93]",52.0,50.0,"['Pit Viper' 'Pit Viper' 'Pit Viper' 'Pit Viper' 'Pit Viper' 'Pit Viper'
 'Pit Viper' 'Pit Viper' 'Pit Viper' 'Pit Viper' 'Pit Viper' 'Pit Viper'
 'Pit Viper' 'Pit Viper' 'Pit Viper' 'Pit Viper' 'Pit Viper' 'Pit Viper'
 'Pit Viper' 'Pit Viper' 'Pit Viper' 'Pit Viper' 'Pit Viper' 'Pit Viper'
 'Pit Viper']",['Bronze Back' 'Pit Viper' 'Python'],3,33.33333333333333
52.17391304347826,0,"['Pit Viper' 'Bronze Back' 'Bronze Back' 'Bronze Back' 'Bronze Back'
 'Pit Viper' 'Pit Viper' 'Pit Viper' 'Python' 'Pit Viper' 'Pit Viper'
 'Bronze Back' 'Pit Viper' 'Pit Viper' 'Bronze Back' 'Bronze Back'
 'Python' 'Pit Viper' 'Bronze Back' 'Pit Viper' 'Pit Viper' 'Python'
 'Python']","['Bronze Back' 'Bronze Back' 'Bronze Back' 'Bronze Back' 'Bronze Back'
 'Bronze Back' 'Bronze Back' 'Pit Viper' 'Pit Viper' 'Pit Viper'
 'Pit Viper' 'Pit Viper' 'Pit Viper' 'Pit Viper' 'Pit Viper' 'Pit Viper'
 'Pit Viper' 'Pit Viper' 'Pit Viper' 'Python' 'Python' 'Python' 'Python']","[ 0  2  3  5  7  8 10 14 15 16 17 18 19 20 21 22 23 24 25 26 27 28 31 32
 33 34 35 36 37 38 39 40 42 45 47 48 49 50 51 52 53 54 56 57 58 59 60 62
 63 65 67 69 70 72 73 75 77 78 80 81 82 83 85 86 87 88 89 90 91 92 93 94
 95 96]",[ 1  4  6  9 11 12 13 29 30 41 43 44 46 55 61 64 66 68 71 74 76 79 84],52.17391304347826,50.0,"['Pit Viper' 'Pit Viper' 'Pit Viper' 'Pit Viper' 'Pit Viper' 'Pit Viper'
 'Pit Viper' 'Pit Viper' 'Pit Viper' 'Pit Viper' 'Pit Viper' 'Pit Viper'
 'Pit Viper' 'Pit Viper' 'Pit Viper' 'Pit Viper' 'Pit Viper' 'Pit Viper'
 'Pit Viper' 'Pit Viper' 'Pit Viper' 'Pit Viper' 'Pit Viper']",['Bronze Back' 'Pit Viper' 'Python'],3,33.33333333333333
63.63636363636363,0,"['Bronze Back' 'Pit Viper' 'Pit Viper' 'Pit Viper' 'Pit Viper' 'Pit Viper'
 'Pit Viper' 'Pit Viper' 'Pit Viper' 'Pit Viper' 'Pit Viper' 'Pit Viper'
 'Python' 'Pit Viper' 'Bronze Back' 'Python' 'Python' 'Python' 'Python'
 'Pit Viper' 'Python' 'Pit Viper']","['Bronze Back' 'Bronze Back' 'Bronze Back' 'Bronze Back' 'Bronze Back'
 'Pit Viper' 'Pit Viper' 'Pit Viper' 'Pit Viper' 'Pit Viper' 'Pit Viper'
 'Pit Viper' 'Pit Viper' 'Pit Viper' 'Pit Viper' 'Python' 'Python'
 'Python' 'Python' 'Python' 'Python' 'Python']","[ 0  1  4  5  7  8  9 10 11 13 14 15 16 17 18 19 20 21 22 23 24 26 28 29
 30 31 32 33 34 37 38 39 40 41 42 43 44 45 48 49 50 52 53 55 56 57 58 60
 61 62 63 65 66 68 69 70 71 72 73 74 76 77 78 80 82 83 84 85 87 88 89 91
 92 93 96]",[ 2  3  6 12 25 27 35 36 46 47 51 54 59 64 67 75 79 81 86 90 94 95],45.45454545454545,50.0,"['Pit Viper' 'Pit Viper' 'Pit Viper' 'Pit Viper' 'Pit Viper' 'Pit Viper'
 'Pit Viper' 'Pit Viper' 'Pit Viper' 'Pit Viper' 'Pit Viper' 'Pit Viper'
 'Pit Viper' 'Pit Viper' 'Pit Viper' 'Pit Viper' 'Pit Viper' 'Pit Viper'
 'Pit Viper' 'Pit Viper' 'Pit Viper' 'Pit Viper']",['Bronze Back' 'Pit Viper' 'Python'],3,33.33333333333333
66.66666666666666,0,"['Bronze Back' 'Bronze Back' 'Bronze Back' 'Python' 'Pit Viper'
 'Pit Viper' 'Pit Viper' 'Pit Viper' 'Pit Viper' 'Bronze Back'
 'Bronze Back' 'Pit Viper' 'Bronze Back' 'Bronze Back' 'Pit Viper'
 'Pit Viper' 'Python' 'Python' 'Python' 'Python' 'Python']","['Bronze Back' 'Bronze Back' 'Bronze Back' 'Bronze Back' 'Pit Viper'
 'Pit Viper' 'Pit Viper' 'Pit Viper' 'Pit Viper' 'Pit Viper' 'Pit Viper'
 'Pit Viper' 'Pit Viper' 'Pit Viper' 'Python' 'Python' 'Python' 'Python'
 'Python' 'Python' 'Python']","[ 0  1  2  3  4  5  6  7  8  9 10 11 12 13 14 15 16 18 19 21 22 25 26 27
 28 29 30 32 34 35 37 38 39 40 41 43 44 45 46 47 48 49 50 51 52 54 55 56
 57 59 60 61 63 64 66 68 69 71 72 75 76 77 78 79 80 82 83 84 86 87 88 89
 90 91 93 95]",[17 20 23 24 31 33 36 42 53 58 62 65 67 70 73 74 81 85 92 94 96],47.61904761904761,50.0,"['Pit Viper' 'Pit Viper' 'Pit Viper' 'Pit Viper' 'Pit Viper' 'Pit Viper'
 'Pit Viper' 'Pit Viper' 'Pit Viper' 'Pit Viper' 'Pit Viper' 'Pit Viper'
 'Pit Viper' 'Pit Viper' 'Pit Viper' 'Pit Viper' 'Pit Viper' 'Pit Viper'
 'Pit Viper' 'Pit Viper' 'Pit Viper']",['Bronze Back' 'Pit Viper' 'Python'],3,33.33333333333333
76.47058823529412,0,"['Bronze Back' 'Bronze Back' 'Bronze Back' 'Bronze Back' 'Bronze Back'
 'Pit Viper' 'Pit Viper' 'Pit Viper' 'Bronze Back' 'Pit Viper' 'Pit Viper'
 'Python' 'Bronze Back' 'Python' 'Pit Viper' 'Python' 'Python']","['Bronze Back' 'Bronze Back' 'Bronze Back' 'Bronze Back' 'Bronze Back'
 'Pit Viper' 'Pit Viper' 'Pit Viper' 'Pit Viper' 'Pit Viper' 'Pit Viper'
 'Pit Viper' 'Pit Viper' 'Python' 'Python' 'Python' 'Python']","[ 1  2  3  4  5  6  7  8  9 10 11 12 13 15 17 19 20 21 23 24 25 26 27 28
 29 30 31 32 33 35 36 38 39 40 41 42 43 44 45 46 50 51 53 54 55 56 57 58
 60 61 62 63 64 65 66 67 68 69 70 71 73 74 75 76 78 79 80 81 83 84 85 87
 89 90 91 92 93 94 95 96]",[ 0 14 16 18 22 34 37 47 48 49 52 59 72 77 82 86 88],47.05882352941176,50.0,"['Pit Viper' 'Pit Viper' 'Pit Viper' 'Pit Viper' 'Pit Viper' 'Pit Viper'
 'Pit Viper' 'Pit Viper' 'Pit Viper' 'Pit Viper' 'Pit Viper' 'Pit Viper'
 'Pit Viper' 'Pit Viper' 'Pit Viper' 'Pit Viper' 'Pit Viper']",['Bronze Back' 'Pit Viper' 'Python'],3,33.33333333333333
55.00000000000001,0,"['Bronze Back' 'Bronze Back' 'Pit Viper' 'Python' 'Bronze Back' 'Python'
 'Pit Viper' 'Pit Viper' 'Bronze Back' 'Pit Viper' 'Pit Viper' 'Pit Viper'
 'Python' 'Bronze Back' 'Bronze Back' 'Pit Viper' 'Pit Viper' 'Python'
 'Python' 'Python']","['Bronze Back' 'Bronze Back' 'Bronze Back' 'Bronze Back' 'Bronze Back'
 'Pit Viper' 'Pit Viper' 'Pit Viper' 'Pit Viper' 'Pit Viper' 'Pit Viper'
 'Pit Viper' 'Pit Viper' 'Pit Viper' 'Pit Viper' 'Python' 'Python'
 'Python' 'Python' 'Python']","[ 0  1  2  3  4  6  7  8 11 12 13 14 15 16 17 18 19 20 21 22 23 25 27 28
 29 31 32 33 34 35 36 37 39 41 42 43 46 48 49 50 51 52 54 55 56 57 58 60
 61 62 63 64 66 67 68 69 70 72 75 76 77 79 80 81 82 83 84 85 87 88 89 90
 91 93 94 95 96]",[ 5  9 10 24 26 30 38 40 44 45 47 53 59 65 71 73 74 78 86 92],50.0,50.0,"['Pit Viper' 'Pit Viper' 'Pit Viper' 'Pit Viper' 'Pit Viper' 'Pit Viper'
 'Pit Viper' 'Pit Viper' 'Pit Viper' 'Pit Viper' 'Pit Viper' 'Pit Viper'
 'Pit Viper' 'Pit Viper' 'Pit Viper' 'Pit Viper' 'Pit Viper' 'Pit Viper'
 'Pit Viper' 'Pit Viper']",['Bronze Back' 'Pit Viper' 'Python'],3,33.33333333333333
55.00000000000001,0,"['Bronze Back' 'Bronze Back' 'Pit Viper' 'Python' 'Pit Viper' 'Python'
 'Pit Viper' 'Bronze Back' 'Pit Viper' 'Pit Viper' 'Pit Viper'
 'Bronze Back' 'Bronze Back' 'Bronze Back' 'Pit Viper' 'Python'
 'Bronze Back' 'Python' 'Python' 'Python']","['Bronze Back' 'Bronze Back' 'Bronze Back' 'Pit Viper' 'Pit Viper'
 'Pit Viper' 'Pit Viper' 'Pit Viper' 'Pit Viper' 'Pit Viper' 'Pit Viper'
 'Pit Viper' 'Pit Viper' 'Pit Viper' 'Python' 'Python' 'Python' 'Python'
 'Python' 'Python']","[ 0  1  2  3  4  5  6  7 10 11 12 13 14 15 16 17 18 19 20 21 22 23 25 26
 27 28 29 31 33 34 35 37 38 40 41 42 43 45 46 47 48 49 50 51 52 54 55 56
 58 59 60 61 62 64 66 68 69 70 72 74 75 76 77 78 79 80 82 84 85 86 88 89
 90 91 93 95 96]",[ 8  9 24 30 32 36 39 44 53 57 63 65 67 71 73 81 83 87 92 94],55.00000000000001,50.0,"['Pit Viper' 'Pit Viper' 'Pit Viper' 'Pit Viper' 'Pit Viper' 'Pit Viper'
 'Pit Viper' 'Pit Viper' 'Pit Viper' 'Pit Viper' 'Pit Viper' 'Pit Viper'
 'Pit Viper' 'Pit Viper' 'Pit Viper' 'Pit Viper' 'Pit Viper' 'Pit Viper'
 'Pit Viper' 'Pit Viper']",['Bronze Back' 'Pit Viper' 'Python'],3,33.33333333333333
68.18181818181817,0,"['Bronze Back' 'Bronze Back' 'Bronze Back' 'Bronze Back' 'Bronze Back'
 'Bronze Back' 'Bronze Back' 'Pit Viper' 'Pit Viper' 'Pit Viper'
 'Pit Viper' 'Pit Viper' 'Bronze Back' 'Pit Viper' 'Bronze Back'
 'Bronze Back' 'Pit Viper' 'Pit Viper' 'Pit Viper' 'Pit Viper' 'Python'
 'Python']","['Bronze Back' 'Bronze Back' 'Bronze Back' 'Bronze Back' 'Bronze Back'
 'Bronze Back' 'Bronze Back' 'Pit Viper' 'Pit Viper' 'Pit Viper'
 'Pit Viper' 'Pit Viper' 'Pit Viper' 'Pit Viper' 'Pit Viper' 'Pit Viper'
 'Python' 'Python' 'Python' 'Python' 'Python' 'Python']","[ 1  2  3  4  5  6  7  9 10 11 12 13 14 15 16 19 21 23 25 26 27 28 29 30
 31 34 35 36 38 39 40 41 42 43 44 45 46 47 48 49 50 51 54 55 56 57 59 60
 61 62 63 64 66 67 68 69 71 74 75 76 78 79 80 81 82 84 85 86 87 89 90 91
 93 94 95]",[ 0  8 17 18 20 22 24 32 33 37 52 53 58 65 70 72 73 77 83 88 92 96],40.909090909090914,50.0,"['Pit Viper' 'Pit Viper' 'Pit Viper' 'Pit Viper' 'Pit Viper' 'Pit Viper'
 'Pit Viper' 'Pit Viper' 'Pit Viper' 'Pit Viper' 'Pit Viper' 'Pit Viper'
 'Pit Viper' 'Pit Viper' 'Pit Viper' 'Pit Viper' 'Pit Viper' 'Pit Viper'
 'Pit Viper' 'Pit Viper' 'Pit Viper' 'Pit Viper']",['Bronze Back' 'Pit Viper' 'Python'],3,33.33333333333333
64.0,0,"['Pit Viper' 'Bronze Back' 'Bronze Back' 'Bronze Back' 'Bronze Back'
 'Bronze Back' 'Pit Viper' 'Pit Viper' 'Bronze Back' 'Pit Viper'
 'Pit Viper' 'Pit Viper' 'Bronze Back' 'Pit Viper' 'Bronze Back' 'Python'
 'Pit Viper' 'Bronze Back' 'Python' 'Bronze Back' 'Pit Viper' 'Python'
 'Python' 'Python' 'Python']","['Bronze Back' 'Bronze Back' 'Bronze Back' 'Bronze Back' 'Bronze Back'
 'Bronze Back' 'Pit Viper' 'Pit Viper' 'Pit Viper' 'Pit Viper' 'Pit Viper'
 'Pit Viper' 'Pit Viper' 'Pit Viper' 'Pit Viper' 'Pit Viper' 'Pit Viper'
 'Pit Viper' 'Pit Viper' 'Pit Viper' 'Python' 'Python' 'Python' 'Python'
 'Python']","[ 0  2  3  4  5  6  7  8  9 10 12 13 15 16 18 19 21 22 23 25 26 27 28 30
 31 32 35 36 37 38 39 40 42 44 45 46 49 50 51 52 54 55 56 57 60 62 63 64
 67 68 69 71 72 74 75 77 78 79 80 81 82 83 84 85 87 88 89 90 91 93 94 95]","[ 1 11 14 17 20 24 29 33 34 41 43 47 48 53 58 59 61 65 66 70 73 76 86 92
 96]",56.00000000000001,50.0,"['Pit Viper' 'Pit Viper' 'Pit Viper' 'Pit Viper' 'Pit Viper' 'Pit Viper'
 'Pit Viper' 'Pit Viper' 'Pit Viper' 'Pit Viper' 'Pit Viper' 'Pit Viper'
 'Pit Viper' 'Pit Viper' 'Pit Viper' 'Pit Viper' 'Pit Viper' 'Pit Viper'
 'Pit Viper' 'Pit Viper' 'Pit Viper' 'Pit Viper' 'Pit Viper' 'Pit Viper'
 'Pit Viper']",['Bronze Back' 'Pit Viper' 'Python'],3,33.33333333333333
62.96296296296296,0,"['Pit Viper' 'Bronze Back' 'Bronze Back' 'Bronze Back' 'Pit Viper'
 'Python' 'Pit Viper' 'Pit Viper' 'Pit Viper' 'Pit Viper' 'Pit Viper'
 'Pit Viper' 'Pit Viper' 'Pit Viper' 'Pit Viper' 'Bronze Back'
 'Bronze Back' 'Python' 'Bronze Back' 'Pit Viper' 'Pit Viper' 'Python'
 'Pit Viper' 'Python' 'Python' 'Python' 'Python']","['Bronze Back' 'Bronze Back' 'Bronze Back' 'Bronze Back' 'Bronze Back'
 'Bronze Back' 'Bronze Back' 'Pit Viper' 'Pit Viper' 'Pit Viper'
 'Pit Viper' 'Pit Viper' 'Pit Viper' 'Pit Viper' 'Pit Viper' 'Pit Viper'
 'Pit Viper' 'Pit Viper' 'Pit Viper' 'Pit Viper' 'Python' 'Python'
 'Python' 'Python' 'Python' 'Python' 'Python']","[ 0  3  5  6  7  8  9 10 12 14 15 16 17 18 19 20 21 22 23 26 27 28 30 31
 32 33 34 37 38 39 40 42 44 45 46 47 48 49 50 52 54 56 57 58 59 60 62 63
 64 69 70 71 72 74 77 78 79 80 82 83 85 86 87 88 89 90 91 93 95 96]","[ 1  2  4 11 13 24 25 29 35 36 41 43 51 53 55 61 65 66 67 68 73 75 76 81
 84 92 94]",48.148148148148145,50.0,"['Pit Viper' 'Pit Viper' 'Pit Viper' 'Pit Viper' 'Pit Viper' 'Pit Viper'
 'Pit Viper' 'Pit Viper' 'Pit Viper' 'Pit Viper' 'Pit Viper' 'Pit Viper'
 'Pit Viper' 'Pit Viper' 'Pit Viper' 'Pit Viper' 'Pit Viper' 'Pit Viper'
 'Pit Viper' 'Pit Viper' 'Pit Viper' 'Pit Viper' 'Pit Viper' 'Pit Viper'
 'Pit Viper' 'Pit Viper' 'Pit Viper']",['Bronze Back' 'Pit Viper' 'Python'],3,33.33333333333333
69.56521739130434,0,"['Bronze Back' 'Pit Viper' 'Bronze Back' 'Pit Viper' 'Bronze Back'
 'Bronze Back' 'Pit Viper' 'Pit Viper' 'Pit Viper' 'Pit Viper' 'Pit Viper'
 'Pit Viper' 'Bronze Back' 'Bronze Back' 'Bronze Back' 'Pit Viper'
 'Bronze Back' 'Python' 'Pit Viper' 'Python' 'Python' 'Python' 'Python']","['Bronze Back' 'Bronze Back' 'Bronze Back' 'Bronze Back' 'Bronze Back'
 'Bronze Back' 'Pit Viper' 'Pit Viper' 'Pit Viper' 'Pit Viper' 'Pit Viper'
 'Pit Viper' 'Pit Viper' 'Pit Viper' 'Pit Viper' 'Pit Viper' 'Pit Viper'
 'Python' 'Python' 'Python' 'Python' 'Python' 'Python']","[ 0  1  2  3  5  6  7  8  9 10 11 12 14 15 18 19 21 22 24 25 26 27 28 29
 30 32 34 35 37 38 39 40 41 43 44 45 46 47 48 50 51 52 53 54 56 57 59 60
 61 63 64 65 66 69 71 72 73 74 75 76 77 78 79 80 83 86 87 88 89 90 91 92
 93 95]",[ 4 13 16 17 20 23 31 33 36 42 49 55 58 62 67 68 70 81 82 84 85 94 96],47.82608695652174,50.0,"['Pit Viper' 'Pit Viper' 'Pit Viper' 'Pit Viper' 'Pit Viper' 'Pit Viper'
 'Pit Viper' 'Pit Viper' 'Pit Viper' 'Pit Viper' 'Pit Viper' 'Pit Viper'
 'Pit Viper' 'Pit Viper' 'Pit Viper' 'Pit Viper' 'Pit Viper' 'Pit Viper'
 'Pit Viper' 'Pit Viper' 'Pit Viper' 'Pit Viper' 'Pit Viper']",['Bronze Back' 'Pit Viper' 'Python'],3,33.33333333333333
68.18181818181817,0,"['Bronze Back' 'Bronze Back' 'Bronze Back' 'Pit Viper' 'Pit Viper'
 'Bronze Back' 'Python' 'Python' 'Pit Viper' 'Pit Viper' 'Pit Viper'
 'Pit Viper' 'Pit Viper' 'Pit Viper' 'Pit Viper' 'Bronze Back' 'Pit Viper'
 'Python' 'Pit Viper' 'Python' 'Pit Viper' 'Python']","['Bronze Back' 'Bronze Back' 'Bronze Back' 'Bronze Back' 'Bronze Back'
 'Bronze Back' 'Pit Viper' 'Pit Viper' 'Pit Viper' 'Pit Viper' 'Pit Viper'
 'Pit Viper' 'Pit Viper' 'Pit Viper' 'Pit Viper' 'Pit Viper' 'Pit Viper'
 'Python' 'Python' 'Python' 'Python' 'Python']","[ 0  1  3  4  6  7  8 11 12 13 14 15 16 17 18 19 20 21 22 23 24 27 29 31
 32 33 34 37 39 41 42 43 46 47 48 49 50 52 53 54 55 56 57 58 59 60 61 62
 63 64 65 66 68 69 70 72 73 74 76 77 79 80 82 83 84 85 86 87 88 90 91 92
 93 95 96]",[ 2  5  9 10 25 26 28 30 35 36 38 40 44 45 51 67 71 75 78 81 89 94],50.0,50.0,"['Pit Viper' 'Pit Viper' 'Pit Viper' 'Pit Viper' 'Pit Viper' 'Pit Viper'
 'Pit Viper' 'Pit Viper' 'Pit Viper' 'Pit Viper' 'Pit Viper' 'Pit Viper'
 'Pit Viper' 'Pit Viper' 'Pit Viper' 'Pit Viper' 'Pit Viper' 'Pit Viper'
 'Pit Viper' 'Pit Viper' 'Pit Viper' 'Pit Viper']",['Bronze Back' 'Pit Viper' 'Python'],3,33.33333333333333
66.66666666666666,0,"['Bronze Back' 'Bronze Back' 'Bronze Back' 'Pit Viper' 'Pit Viper'
 'Bronze Back' 'Pit Viper' 'Pit Viper' 'Pit Viper' 'Pit Viper' 'Pit Viper'
 'Bronze Back' 'Pit Viper' 'Python' 'Pit Viper' 'Bronze Back' 'Python'
 'Pit Viper' 'Python' 'Python' 'Python']","['Bronze Back' 'Bronze Back' 'Bronze Back' 'Bronze Back' 'Bronze Back'
 'Bronze Back' 'Bronze Back' 'Pit Viper' 'Pit Viper' 'Pit Viper'
 'Pit Viper' 'Pit Viper' 'Pit Viper' 'Pit Viper' 'Pit Viper' 'Pit Viper'
 'Python' 'Python' 'Python' 'Python' 'Python']","[ 1  3  5  6  7  8  9 10 11 12 14 15 16 17 19 20 21 23 24 26 27 28 29 30
 31 32 33 34 36 38 39 40 41 42 43 44 45 46 48 49 50 53 54 56 57 58 60 61
 62 63 64 65 66 67 69 70 71 73 74 76 78 79 80 81 82 83 85 87 89 90 91 92
 93 94 95 96]",[ 0  2  4 13 18 22 25 35 37 47 51 52 55 59 68 72 75 77 84 86 88],42.857142857142854,50.0,"['Pit Viper' 'Pit Viper' 'Pit Viper' 'Pit Viper' 'Pit Viper' 'Pit Viper'
 'Pit Viper' 'Pit Viper' 'Pit Viper' 'Pit Viper' 'Pit Viper' 'Pit Viper'
 'Pit Viper' 'Pit Viper' 'Pit Viper' 'Pit Viper' 'Pit Viper' 'Pit Viper'
 'Pit Viper' 'Pit Viper' 'Pit Viper']",['Bronze Back' 'Pit Viper' 'Python'],3,33.33333333333333
73.91304347826086,0,"['Pit Viper' 'Bronze Back' 'Bronze Back' 'Bronze Back' 'Pit Viper'
 'Pit Viper' 'Pit Viper' 'Pit Viper' 'Pit Viper' 'Pit Viper' 'Pit Viper'
 'Pit Viper' 'Pit Viper' 'Pit Viper' 'Pit Viper' 'Python' 'Pit Viper'
 'Python' 'Pit Viper' 'Python' 'Python' 'Python' 'Python']","['Bronze Back' 'Bronze Back' 'Bronze Back' 'Bronze Back' 'Bronze Back'
 'Bronze Back' 'Bronze Back' 'Pit Viper' 'Pit Viper' 'Pit Viper'
 'Pit Viper' 'Pit Viper' 'Pit Viper' 'Pit Viper' 'Pit Viper' 'Pit Viper'
 'Pit Viper' 'Python' 'Python' 'Python' 'Python' 'Python' 'Python']","[ 0  2  3  5  7  8  9 10 14 15 16 17 18 20 21 22 23 24 25 26 27 28 30 31
 32 33 34 35 36 37 38 39 40 42 44 45 47 48 49 51 52 53 54 56 57 58 59 60
 62 63 65 67 69 70 71 72 73 75 77 78 80 81 82 83 85 86 87 88 89 90 92 94
 95 96]",[ 1  4  6 11 12 13 19 29 41 43 46 50 55 61 64 66 68 74 76 79 84 91 93],43.47826086956522,50.0,"['Pit Viper' 'Pit Viper' 'Pit Viper' 'Pit Viper' 'Pit Viper' 'Pit Viper'
 'Pit Viper' 'Pit Viper' 'Pit Viper' 'Pit Viper' 'Pit Viper' 'Pit Viper'
 'Pit Viper' 'Pit Viper' 'Pit Viper' 'Pit Viper' 'Pit Viper' 'Pit Viper'
 'Pit Viper' 'Pit Viper' 'Pit Viper' 'Pit Viper' 'Pit Viper']",['Bronze Back' 'Pit Viper' 'Python'],3,33.33333333333333
72.0,0,"['Bronze Back' 'Bronze Back' 'Pit Viper' 'Pit Viper' 'Pit Viper'
 'Pit Viper' 'Bronze Back' 'Pit Viper' 'Pit Viper' 'Pit Viper' 'Pit Viper'
 'Pit Viper' 'Pit Viper' 'Pit Viper' 'Pit Viper' 'Pit Viper' 'Pit Viper'
 'Bronze Back' 'Pit Viper' 'Python' 'Pit Viper' 'Python' 'Pit Viper'
 'Python' 'Python']","['Bronze Back' 'Bronze Back' 'Bronze Back' 'Bronze Back' 'Bronze Back'
 'Bronze Back' 'Bronze Back' 'Pit Viper' 'Pit Viper' 'Pit Viper'
 'Pit Viper' 'Pit Viper' 'Pit Viper' 'Pit Viper' 'Pit Viper' 'Pit Viper'
 'Pit Viper' 'Pit Viper' 'Pit Viper' 'Python' 'Python' 'Python' 'Python'
 'Python' 'Python']","[ 0  1  3  4  6  7  8  9 11 12 13 14 15 16 17 18 20 21 22 24 27 28 29 30
 32 33 34 36 37 41 43 44 46 47 48 49 52 53 54 55 56 58 59 60 61 64 65 66
 67 68 69 70 71 72 73 74 76 77 79 80 81 82 83 84 86 88 89 90 92 94 95 96]","[ 2  5 10 19 23 25 26 31 35 38 39 40 42 45 50 51 57 62 63 75 78 85 87 91
 93]",48.0,50.0,"['Pit Viper' 'Pit Viper' 'Pit Viper' 'Pit Viper' 'Pit Viper' 'Pit Viper'
 'Pit Viper' 'Pit Viper' 'Pit Viper' 'Pit Viper' 'Pit Viper' 'Pit Viper'
 'Pit Viper' 'Pit Viper' 'Pit Viper' 'Pit Viper' 'Pit Viper' 'Pit Viper'
 'Pit Viper' 'Pit Viper' 'Pit Viper' 'Pit Viper' 'Pit Viper' 'Pit Viper'
 'Pit Viper']",['Bronze Back' 'Pit Viper' 'Python'],3,33.33333333333333
65.21739130434783,0,"['Bronze Back' 'Bronze Back' 'Bronze Back' 'Pit Viper' 'Bronze Back'
 'Pit Viper' 'Bronze Back' 'Python' 'Pit Viper' 'Pit Viper' 'Pit Viper'
 'Pit Viper' 'Pit Viper' 'Pit Viper' 'Pit Viper' 'Bronze Back' 'Python'
 'Bronze Back' 'Python' 'Pit Viper' 'Python' 'Python' 'Pit Viper']","['Bronze Back' 'Bronze Back' 'Bronze Back' 'Bronze Back' 'Bronze Back'
 'Bronze Back' 'Bronze Back' 'Pit Viper' 'Pit Viper' 'Pit Viper'
 'Pit Viper' 'Pit Viper' 'Pit Viper' 'Pit Viper' 'Pit Viper' 'Pit Viper'
 'Pit Viper' 'Pit Viper' 'Python' 'Python' 'Python' 'Python' 'Python']","[ 1  3  4  6  7  8  9 11 12 13 14 15 16 17 18 19 20 21 23 24 27 29 30 31
 32 33 34 36 39 41 42 43 44 46 48 49 50 53 54 55 56 57 58 60 61 62 63 64
 65 66 67 68 69 70 71 73 74 76 77 79 80 81 82 83 84 85 87 90 91 92 93 94
 95 96]",[ 0  2  5 10 22 25 26 28 35 37 38 40 45 47 51 52 59 72 75 78 86 88 89],47.82608695652174,50.0,"['Pit Viper' 'Pit Viper' 'Pit Viper' 'Pit Viper' 'Pit Viper' 'Pit Viper'
 'Pit Viper' 'Pit Viper' 'Pit Viper' 'Pit Viper' 'Pit Viper' 'Pit Viper'
 'Pit Viper' 'Pit Viper' 'Pit Viper' 'Pit Viper' 'Pit Viper' 'Pit Viper'
 'Pit Viper' 'Pit Viper' 'Pit Viper' 'Pit Viper' 'Pit Viper']",['Bronze Back' 'Pit Viper' 'Python'],3,33.33333333333333
73.91304347826086,0,"['Bronze Back' 'Bronze Back' 'Bronze Back' 'Bronze Back' 'Bronze Back'
 'Bronze Back' 'Bronze Back' 'Python' 'Pit Viper' 'Pit Viper' 'Pit Viper'
 'Pit Viper' 'Pit Viper' 'Pit Viper' 'Bronze Back' 'Bronze Back'
 'Bronze Back' 'Bronze Back' 'Python' 'Pit Viper' 'Python' 'Python'
 'Python']","['Bronze Back' 'Bronze Back' 'Bronze Back' 'Bronze Back' 'Bronze Back'
 'Bronze Back' 'Bronze Back' 'Pit Viper' 'Pit Viper' 'Pit Viper'
 'Pit Viper' 'Pit Viper' 'Pit Viper' 'Pit Viper' 'Pit Viper' 'Pit Viper'
 'Pit Viper' 'Pit Viper' 'Python' 'Python' 'Python' 'Python' 'Python']","[ 1  2  3  4  6  7  8 11 12 13 14 15 16 17 19 20 21 23 24 25 27 28 29 31
 32 33 34 35 39 41 42 43 46 47 48 49 50 51 53 54 55 56 57 58 59 60 61 62
 63 64 65 66 68 69 70 73 74 75 76 79 80 82 83 84 85 86 87 89 90 91 92 93
 95 96]",[ 0  5  9 10 18 22 26 30 36 37 38 40 44 45 52 67 71 72 77 78 81 88 94],47.82608695652174,50.0,"['Pit Viper' 'Pit Viper' 'Pit Viper' 'Pit Viper' 'Pit Viper' 'Pit Viper'
 'Pit Viper' 'Pit Viper' 'Pit Viper' 'Pit Viper' 'Pit Viper' 'Pit Viper'
 'Pit Viper' 'Pit Viper' 'Pit Viper' 'Pit Viper' 'Pit Viper' 'Pit Viper'
 'Pit Viper' 'Pit Viper' 'Pit Viper' 'Pit Viper' 'Pit Viper']",['Bronze Back' 'Pit Viper' 'Python'],3,33.33333333333333
75.0,0,"['Bronze Back' 'Bronze Back' 'Bronze Back' 'Pit Viper' 'Pit Viper'
 'Bronze Back' 'Python' 'Pit Viper' 'Pit Viper' 'Pit Viper' 'Pit Viper'
 'Pit Viper' 'Pit Viper' 'Pit Viper' 'Python' 'Pit Viper' 'Python'
 'Python' 'Pit Viper' 'Python']","['Bronze Back' 'Bronze Back' 'Bronze Back' 'Bronze Back' 'Bronze Back'
 'Bronze Back' 'Pit Viper' 'Pit Viper' 'Pit Viper' 'Pit Viper' 'Pit Viper'
 'Pit Viper' 'Pit Viper' 'Pit Viper' 'Pit Viper' 'Pit Viper' 'Python'
 'Python' 'Python' 'Python']","[ 0  1  3  4  6  7  8 11 12 13 14 15 16 17 18 19 20 21 22 23 24 27 28 29
 31 32 33 34 36 37 39 41 42 43 46 48 49 50 52 53 54 55 56 57 58 60 61 62
 63 64 65 66 67 68 69 70 72 73 76 77 79 80 81 82 83 84 85 87 88 89 90 91
 92 93 94 95 96]",[ 2  5  9 10 25 26 30 35 38 40 44 45 47 51 59 71 74 75 78 86],50.0,50.0,"['Pit Viper' 'Pit Viper' 'Pit Viper' 'Pit Viper' 'Pit Viper' 'Pit Viper'
 'Pit Viper' 'Pit Viper' 'Pit Viper' 'Pit Viper' 'Pit Viper' 'Pit Viper'
 'Pit Viper' 'Pit Viper' 'Pit Viper' 'Pit Viper' 'Pit Viper' 'Pit Viper'
 'Pit Viper' 'Pit Viper']",['Bronze Back' 'Pit Viper' 'Python'],3,33.33333333333333
70.0,0,"['Bronze Back' 'Bronze Back' 'Pit Viper' 'Bronze Back' 'Bronze Back'
 'Bronze Back' 'Python' 'Pit Viper' 'Pit Viper' 'Pit Viper' 'Pit Viper'
 'Bronze Back' 'Python' 'Pit Viper' 'Bronze Back' 'Pit Viper' 'Pit Viper'
 'Python' 'Python' 'Python']","['Bronze Back' 'Bronze Back' 'Bronze Back' 'Bronze Back' 'Bronze Back'
 'Bronze Back' 'Pit Viper' 'Pit Viper' 'Pit Viper' 'Pit Viper' 'Pit Viper'
 'Pit Viper' 'Pit Viper' 'Pit Viper' 'Pit Viper' 'Pit Viper' 'Python'
 'Python' 'Python' 'Python']","[ 0  1  2  3  4  5  7  8 10 11 13 14 15 16 19 21 22 23 24 25 26 27 28 29
 31 32 34 35 36 37 38 39 40 41 42 43 45 48 49 50 51 52 53 54 55 56 57 60
 61 62 63 65 66 67 68 69 72 73 74 75 76 78 80 81 82 83 84 85 87 88 89 90
 91 92 93 94 95]",[ 6  9 12 17 18 20 30 33 44 46 47 58 59 64 70 71 77 79 86 96],50.0,50.0,"['Pit Viper' 'Pit Viper' 'Pit Viper' 'Pit Viper' 'Pit Viper' 'Pit Viper'
 'Pit Viper' 'Pit Viper' 'Pit Viper' 'Pit Viper' 'Pit Viper' 'Pit Viper'
 'Pit Viper' 'Pit Viper' 'Pit Viper' 'Pit Viper' 'Pit Viper' 'Pit Viper'
 'Pit Viper' 'Pit Viper']",['Bronze Back' 'Pit Viper' 'Python'],3,33.33333333333333
58.82352941176471,0,"['Pit Viper' 'Bronze Back' 'Bronze Back' 'Python' 'Pit Viper' 'Pit Viper'
 'Pit Viper' 'Pit Viper' 'Pit Viper' 'Bronze Back' 'Bronze Back' 'Python'
 'Pit Viper' 'Pit Viper' 'Python' 'Pit Viper' 'Python']","['Bronze Back' 'Bronze Back' 'Bronze Back' 'Pit Viper' 'Pit Viper'
 'Pit Viper' 'Pit Viper' 'Pit Viper' 'Pit Viper' 'Pit Viper' 'Pit Viper'
 'Python' 'Python' 'Python' 'Python' 'Python' 'Python']","[ 0  1  2  3  4  5  6  7  9 10 11 12 13 14 15 17 18 19 20 21 22 24 25 26
 27 29 30 33 34 35 37 38 39 40 41 43 44 45 46 47 48 50 51 52 53 54 55 56
 57 58 59 60 61 63 64 65 66 68 69 70 71 72 73 74 75 76 77 78 79 80 84 86
 87 88 90 91 92 93 95 96]",[ 8 16 23 28 31 32 36 42 49 62 67 81 82 83 85 89 94],47.05882352941176,50.0,"['Pit Viper' 'Pit Viper' 'Pit Viper' 'Pit Viper' 'Pit Viper' 'Pit Viper'
 'Pit Viper' 'Pit Viper' 'Pit Viper' 'Pit Viper' 'Pit Viper' 'Pit Viper'
 'Pit Viper' 'Pit Viper' 'Pit Viper' 'Pit Viper' 'Pit Viper']",['Bronze Back' 'Pit Viper' 'Python'],3,33.33333333333333
52.94117647058824,0,"['Pit Viper' 'Pit Viper' 'Pit Viper' 'Pit Viper' 'Python' 'Pit Viper'
 'Pit Viper' 'Pit Viper' 'Pit Viper' 'Pit Viper' 'Pit Viper' 'Pit Viper'
 'Python' 'Python' 'Python' 'Pit Viper' 'Python']","['Bronze Back' 'Bronze Back' 'Bronze Back' 'Bronze Back' 'Bronze Back'
 'Pit Viper' 'Pit Viper' 'Pit Viper' 'Pit Viper' 'Pit Viper' 'Python'
 'Python' 'Python' 'Python' 'Python' 'Python' 'Python']","[ 0  1  2  3  4  5  7  8  9 10 11 13 14 15 16 17 20 21 22 23 25 26 27 28
 29 30 31 32 33 34 35 36 37 38 39 40 41 42 43 44 45 47 48 49 51 52 54 55
 56 57 58 59 60 61 62 63 66 67 68 69 70 71 72 75 76 78 80 81 82 83 84 85
 86 87 88 89 90 94 95 96]",[ 6 12 18 19 24 46 50 53 64 65 73 74 77 79 91 92 93],29.411764705882355,50.0,"['Pit Viper' 'Pit Viper' 'Pit Viper' 'Pit Viper' 'Pit Viper' 'Pit Viper'
 'Pit Viper' 'Pit Viper' 'Pit Viper' 'Pit Viper' 'Pit Viper' 'Pit Viper'
 'Pit Viper' 'Pit Viper' 'Pit Viper' 'Pit Viper' 'Pit Viper']",['Bronze Back' 'Pit Viper' 'Python'],3,33.33333333333333
62.96296296296296,0,"['Pit Viper' 'Pit Viper' 'Bronze Back' 'Bronze Back' 'Bronze Back'
 'Bronze Back' 'Pit Viper' 'Pit Viper' 'Pit Viper' 'Pit Viper' 'Pit Viper'
 'Pit Viper' 'Pit Viper' 'Bronze Back' 'Bronze Back' 'Python' 'Pit Viper'
 'Pit Viper' 'Python' 'Bronze Back' 'Pit Viper' 'Python' 'Python'
 'Bronze Back' 'Python' 'Bronze Back' 'Python']","['Bronze Back' 'Bronze Back' 'Bronze Back' 'Bronze Back' 'Bronze Back'
 'Bronze Back' 'Pit Viper' 'Pit Viper' 'Pit Viper' 'Pit Viper' 'Pit Viper'
 'Pit Viper' 'Pit Viper' 'Pit Viper' 'Pit Viper' 'Pit Viper' 'Pit Viper'
 'Pit Viper' 'Pit Viper' 'Pit Viper' 'Python' 'Python' 'Python' 'Python'
 'Python' 'Python' 'Python']","[ 0  2  4  5  6  7  8  9 10 12 13 14 15 16 18 19 21 22 23 25 26 28 30 31
 32 34 35 36 37 38 39 40 42 44 45 46 48 49 50 51 52 55 56 57 60 62 63 64
 67 68 69 71 72 74 75 77 78 79 80 81 82 83 84 85 87 88 89 91 93 94]","[ 1  3 11 17 20 24 27 29 33 41 43 47 53 54 58 59 61 65 66 70 73 76 86 90
 92 95 96]",51.85185185185185,50.0,"['Pit Viper' 'Pit Viper' 'Pit Viper' 'Pit Viper' 'Pit Viper' 'Pit Viper'
 'Pit Viper' 'Pit Viper' 'Pit Viper' 'Pit Viper' 'Pit Viper' 'Pit Viper'
 'Pit Viper' 'Pit Viper' 'Pit Viper' 'Pit Viper' 'Pit Viper' 'Pit Viper'
 'Pit Viper' 'Pit Viper' 'Pit Viper' 'Pit Viper' 'Pit Viper' 'Pit Viper'
 'Pit Viper' 'Pit Viper' 'Pit Viper']",['Bronze Back' 'Pit Viper' 'Python'],3,33.33333333333333
67.85714285714286,0,"['Pit Viper' 'Bronze Back' 'Bronze Back' 'Bronze Back' 'Bronze Back'
 'Bronze Back' 'Pit Viper' 'Pit Viper' 'Python' 'Pit Viper' 'Pit Viper'
 'Pit Viper' 'Pit Viper' 'Pit Viper' 'Pit Viper' 'Bronze Back' 'Pit Viper'
 'Pit Viper' 'Python' 'Python' 'Bronze Back' 'Python' 'Pit Viper' 'Python'
 'Python' 'Bronze Back' 'Python' 'Bronze Back']","['Bronze Back' 'Bronze Back' 'Bronze Back' 'Bronze Back' 'Bronze Back'
 'Bronze Back' 'Pit Viper' 'Pit Viper' 'Pit Viper' 'Pit Viper' 'Pit Viper'
 'Pit Viper' 'Pit Viper' 'Pit Viper' 'Pit Viper' 'Pit Viper' 'Pit Viper'
 'Pit Viper' 'Pit Viper' 'Pit Viper' 'Pit Viper' 'Python' 'Python'
 'Python' 'Python' 'Python' 'Python' 'Python']","[ 0  2  4  6  7  8  9 12 13 14 15 16 17 18 19 20 21 22 23 24 25 28 30 31
 32 33 34 35 37 42 44 46 47 48 49 50 51 52 53 55 56 58 59 60 62 64 65 68
 69 70 71 72 73 74 75 77 79 80 82 83 84 85 86 88 89 91 92 93 96]","[ 1  3  5 10 11 26 27 29 36 38 39 40 41 43 45 54 57 61 63 66 67 76 78 81
 87 90 94 95]",53.57142857142857,50.0,"['Pit Viper' 'Pit Viper' 'Pit Viper' 'Pit Viper' 'Pit Viper' 'Pit Viper'
 'Pit Viper' 'Pit Viper' 'Pit Viper' 'Pit Viper' 'Pit Viper' 'Pit Viper'
 'Pit Viper' 'Pit Viper' 'Pit Viper' 'Pit Viper' 'Pit Viper' 'Pit Viper'
 'Pit Viper' 'Pit Viper' 'Pit Viper' 'Pit Viper' 'Pit Viper' 'Pit Viper'
 'Pit Viper' 'Pit Viper' 'Pit Viper' 'Pit Viper']",['Bronze Back' 'Pit Viper' 'Python'],3,33.33333333333333
52.38095238095239,0,"['Pit Viper' 'Pit Viper' 'Pit Viper' 'Pit Viper' 'Bronze Back'
 'Bronze Back' 'Pit Viper' 'Pit Viper' 'Pit Viper' 'Pit Viper' 'Pit Viper'
 'Pit Viper' 'Pit Viper' 'Bronze Back' 'Bronze Back' 'Pit Viper'
 'Bronze Back' 'Pit Viper' 'Python' 'Pit Viper' 'Python']","['Bronze Back' 'Bronze Back' 'Bronze Back' 'Bronze Back' 'Bronze Back'
 'Bronze Back' 'Bronze Back' 'Pit Viper' 'Pit Viper' 'Pit Viper'
 'Pit Viper' 'Pit Viper' 'Pit Viper' 'Pit Viper' 'Pit Viper' 'Pit Viper'
 'Pit Viper' 'Python' 'Python' 'Python' 'Python']","[ 0  1  2  3  4  5  7  8  9 10 11 13 15 16 19 21 22 24 25 26 27 28 29 30
 32 35 36 37 38 39 40 41 43 44 45 47 49 50 51 52 53 54 55 56 57 59 60 61
 63 65 66 67 68 69 71 72 73 74 75 76 78 80 81 82 83 84 86 87 88 89 90 91
 92 93 94 95]",[ 6 12 14 17 18 20 23 31 33 34 42 46 48 58 62 64 70 77 79 85 96],47.61904761904761,50.0,"['Pit Viper' 'Pit Viper' 'Pit Viper' 'Pit Viper' 'Pit Viper' 'Pit Viper'
 'Pit Viper' 'Pit Viper' 'Pit Viper' 'Pit Viper' 'Pit Viper' 'Pit Viper'
 'Pit Viper' 'Pit Viper' 'Pit Viper' 'Pit Viper' 'Pit Viper' 'Pit Viper'
 'Pit Viper' 'Pit Viper' 'Pit Viper']",['Bronze Back' 'Pit Viper' 'Python'],3,33.33333333333333
65.21739130434783,0,"['Bronze Back' 'Bronze Back' 'Bronze Back' 'Bronze Back' 'Pit Viper'
 'Bronze Back' 'Bronze Back' 'Pit Viper' 'Pit Viper' 'Pit Viper'
 'Bronze Back' 'Pit Viper' 'Pit Viper' 'Bronze Back' 'Python'
 'Bronze Back' 'Bronze Back' 'Bronze Back' 'Python' 'Pit Viper' 'Python'
 'Python' 'Python']","['Bronze Back' 'Bronze Back' 'Bronze Back' 'Bronze Back' 'Bronze Back'
 'Bronze Back' 'Bronze Back' 'Pit Viper' 'Pit Viper' 'Pit Viper'
 'Pit Viper' 'Pit Viper' 'Pit Viper' 'Pit Viper' 'Pit Viper' 'Pit Viper'
 'Pit Viper' 'Pit Viper' 'Python' 'Python' 'Python' 'Python' 'Python']","[ 1  2  3  4  5  6  8  9 10 11 12 13 16 17 18 20 23 24 25 26 27 28 29 30
 31 32 33 35 36 38 39 40 41 42 43 44 45 46 49 51 53 54 55 57 58 61 62 63
 64 65 66 67 68 70 71 73 74 75 76 77 78 79 81 82 83 84 85 87 89 90 92 94
 95 96]",[ 0  7 14 15 19 21 22 34 37 47 48 50 52 56 59 60 69 72 80 86 88 91 93],47.82608695652174,50.0,"['Pit Viper' 'Pit Viper' 'Pit Viper' 'Pit Viper' 'Pit Viper' 'Pit Viper'
 'Pit Viper' 'Pit Viper' 'Pit Viper' 'Pit Viper' 'Pit Viper' 'Pit Viper'
 'Pit Viper' 'Pit Viper' 'Pit Viper' 'Pit Viper' 'Pit Viper' 'Pit Viper'
 'Pit Viper' 'Pit Viper' 'Pit Viper' 'Pit Viper' 'Pit Viper']",['Bronze Back' 'Pit Viper' 'Python'],3,33.33333333333333
61.111111111111114,0,"['Bronze Back' 'Bronze Back' 'Python' 'Python' 'Pit Viper' 'Pit Viper'
 'Pit Viper' 'Pit Viper' 'Pit Viper' 'Python' 'Python' 'Bronze Back'
 'Bronze Back' 'Python' 'Pit Viper' 'Python' 'Python' 'Python']","['Bronze Back' 'Bronze Back' 'Pit Viper' 'Pit Viper' 'Pit Viper'
 'Pit Viper' 'Pit Viper' 'Pit Viper' 'Pit Viper' 'Pit Viper' 'Pit Viper'
 'Pit Viper' 'Pit Viper' 'Python' 'Python' 'Python' 'Python' 'Python']","[ 0  1  2  3  4  5  6  7  8 10 11 12 13 14 15 17 18 19 20 21 22 23 24 25
 26 27 28 29 31 32 33 34 35 37 38 40 41 42 43 45 46 48 50 51 52 53 54 55
 56 58 60 61 62 64 65 66 68 69 70 72 73 74 75 76 77 78 79 80 83 84 85 88
 89 90 91 92 93 95 96]",[ 9 16 30 36 39 44 47 49 57 59 63 67 71 81 82 86 87 94],61.111111111111114,50.0,"['Pit Viper' 'Pit Viper' 'Pit Viper' 'Pit Viper' 'Pit Viper' 'Pit Viper'
 'Pit Viper' 'Pit Viper' 'Pit Viper' 'Pit Viper' 'Pit Viper' 'Pit Viper'
 'Pit Viper' 'Pit Viper' 'Pit Viper' 'Pit Viper' 'Pit Viper' 'Pit Viper']",['Bronze Back' 'Pit Viper' 'Python'],3,33.33333333333333
52.17391304347826,0,"['Pit Viper' 'Bronze Back' 'Bronze Back' 'Bronze Back' 'Bronze Back'
 'Bronze Back' 'Pit Viper' 'Python' 'Pit Viper' 'Pit Viper' 'Pit Viper'
 'Pit Viper' 'Bronze Back' 'Python' 'Bronze Back' 'Bronze Back' 'Python'
 'Bronze Back' 'Bronze Back' 'Pit Viper' 'Pit Viper' 'Python' 'Python']","['Bronze Back' 'Bronze Back' 'Bronze Back' 'Bronze Back' 'Bronze Back'
 'Bronze Back' 'Pit Viper' 'Pit Viper' 'Pit Viper' 'Pit Viper' 'Pit Viper'
 'Pit Viper' 'Pit Viper' 'Pit Viper' 'Pit Viper' 'Pit Viper' 'Pit Viper'
 'Pit Viper' 'Pit Viper' 'Python' 'Python' 'Python' 'Python']","[ 0  2  3  4  5  6  8 10 12 13 14 16 17 18 19 20 22 23 24 25 26 27 28 31
 32 33 34 35 36 37 38 39 40 42 45 46 48 49 50 51 52 53 54 55 57 58 62 63
 64 65 67 68 70 72 73 75 77 78 79 81 82 83 84 85 87 88 89 90 91 92 93 94
 95 96]",[ 1  7  9 11 15 21 29 30 41 43 44 47 56 59 60 61 66 69 71 74 76 80 86],56.52173913043478,50.0,"['Pit Viper' 'Pit Viper' 'Pit Viper' 'Pit Viper' 'Pit Viper' 'Pit Viper'
 'Pit Viper' 'Pit Viper' 'Pit Viper' 'Pit Viper' 'Pit Viper' 'Pit Viper'
 'Pit Viper' 'Pit Viper' 'Pit Viper' 'Pit Viper' 'Pit Viper' 'Pit Viper'
 'Pit Viper' 'Pit Viper' 'Pit Viper' 'Pit Viper' 'Pit Viper']",['Bronze Back' 'Pit Viper' 'Python'],3,33.33333333333333
54.54545454545454,0,"['Bronze Back' 'Bronze Back' 'Bronze Back' 'Bronze Back' 'Bronze Back'
 'Pit Viper' 'Bronze Back' 'Python' 'Bronze Back' 'Bronze Back'
 'Pit Viper' 'Bronze Back' 'Pit Viper' 'Bronze Back' 'Bronze Back'
 'Python' 'Bronze Back' 'Bronze Back' 'Python' 'Python' 'Python' 'Python']","['Bronze Back' 'Bronze Back' 'Bronze Back' 'Bronze Back' 'Bronze Back'
 'Bronze Back' 'Bronze Back' 'Bronze Back' 'Pit Viper' 'Pit Viper'
 'Pit Viper' 'Pit Viper' 'Pit Viper' 'Pit Viper' 'Pit Viper' 'Pit Viper'
 'Pit Viper' 'Pit Viper' 'Python' 'Python' 'Python' 'Python']","[ 0  1  3  4  5  6  8  9 10 11 12 13 16 18 19 22 23 24 26 27 28 29 30 31
 32 36 37 38 39 40 41 42 43 44 45 46 47 49 50 52 53 54 55 57 59 61 62 63
 64 65 66 67 68 71 72 73 76 77 78 79 81 82 83 84 85 86 87 88 89 90 91 92
 93 94 95]",[ 2  7 14 15 17 20 21 25 33 34 35 48 51 56 58 60 69 70 74 75 80 96],45.45454545454545,50.0,"['Pit Viper' 'Pit Viper' 'Pit Viper' 'Pit Viper' 'Pit Viper' 'Pit Viper'
 'Pit Viper' 'Pit Viper' 'Pit Viper' 'Pit Viper' 'Pit Viper' 'Pit Viper'
 'Pit Viper' 'Pit Viper' 'Pit Viper' 'Pit Viper' 'Pit Viper' 'Pit Viper'
 'Pit Viper' 'Pit Viper' 'Pit Viper' 'Pit Viper']",['Bronze Back' 'Pit Viper' 'Python'],3,33.33333333333333
57.692307692307686,0,"['Bronze Back' 'Bronze Back' 'Bronze Back' 'Pit Viper' 'Bronze Back'
 'Bronze Back' 'Pit Viper' 'Pit Viper' 'Python' 'Pit Viper' 'Pit Viper'
 'Bronze Back' 'Pit Viper' 'Bronze Back' 'Bronze Back' 'Bronze Back'
 'Python' 'Bronze Back' 'Bronze Back' 'Bronze Back' 'Python' 'Python'
 'Python' 'Pit Viper' 'Python' 'Python']","['Bronze Back' 'Bronze Back' 'Bronze Back' 'Bronze Back' 'Bronze Back'
 'Bronze Back' 'Pit Viper' 'Pit Viper' 'Pit Viper' 'Pit Viper' 'Pit Viper'
 'Pit Viper' 'Pit Viper' 'Pit Viper' 'Pit Viper' 'Pit Viper' 'Pit Viper'
 'Pit Viper' 'Pit Viper' 'Pit Viper' 'Python' 'Python' 'Python' 'Python'
 'Python' 'Python']","[ 0  1  2  3  4  5  6  8  9 10 11 12 13 14 16 18 19 22 24 25 26 27 28 29
 30 32 34 35 37 38 40 41 43 44 45 46 47 48 49 50 51 52 53 54 55 59 61 64
 65 66 68 71 72 73 74 75 76 77 78 79 82 83 84 86 88 89 90 91 92 93 95]","[ 7 15 17 20 21 23 31 33 36 39 42 56 57 58 60 62 63 67 69 70 80 81 85 87
 94 96]",53.84615384615385,50.0,"['Pit Viper' 'Pit Viper' 'Pit Viper' 'Pit Viper' 'Pit Viper' 'Pit Viper'
 'Pit Viper' 'Pit Viper' 'Pit Viper' 'Pit Viper' 'Pit Viper' 'Pit Viper'
 'Pit Viper' 'Pit Viper' 'Pit Viper' 'Pit Viper' 'Pit Viper' 'Pit Viper'
 'Pit Viper' 'Pit Viper' 'Pit Viper' 'Pit Viper' 'Pit Viper' 'Pit Viper'
 'Pit Viper' 'Pit Viper']",['Bronze Back' 'Pit Viper' 'Python'],3,33.33333333333333
55.00000000000001,0,"['Bronze Back' 'Pit Viper' 'Pit Viper' 'Pit Viper' 'Bronze Back'
 'Bronze Back' 'Pit Viper' 'Python' 'Pit Viper' 'Pit Viper' 'Bronze Back'
 'Pit Viper' 'Pit Viper' 'Bronze Back' 'Python' 'Python' 'Python'
 'Pit Viper' 'Pit Viper' 'Pit Viper']","['Bronze Back' 'Bronze Back' 'Bronze Back' 'Bronze Back' 'Bronze Back'
 'Bronze Back' 'Pit Viper' 'Pit Viper' 'Pit Viper' 'Pit Viper' 'Pit Viper'
 'Pit Viper' 'Pit Viper' 'Pit Viper' 'Python' 'Python' 'Python' 'Python'
 'Python' 'Python']","[ 1  2  4  5  7  8  9 10 11 13 14 15 16 17 19 20 21 23 24 25 26 29 30 31
 32 33 34 35 36 38 39 40 41 42 43 44 45 47 48 49 50 51 53 55 56 57 58 59
 60 61 62 63 65 66 67 68 69 70 71 73 74 75 76 78 80 81 82 83 84 85 86 87
 91 92 93 94 96]",[ 0  3  6 12 18 22 27 28 37 46 52 54 64 72 77 79 88 89 90 95],40.0,50.0,"['Pit Viper' 'Pit Viper' 'Pit Viper' 'Pit Viper' 'Pit Viper' 'Pit Viper'
 'Pit Viper' 'Pit Viper' 'Pit Viper' 'Pit Viper' 'Pit Viper' 'Pit Viper'
 'Pit Viper' 'Pit Viper' 'Pit Viper' 'Pit Viper' 'Pit Viper' 'Pit Viper'
 'Pit Viper' 'Pit Viper']",['Bronze Back' 'Pit Viper' 'Python'],3,33.33333333333333
56.00000000000001,0,"['Pit Viper' 'Pit Viper' 'Bronze Back' 'Bronze Back' 'Bronze Back'
 'Bronze Back' 'Pit Viper' 'Pit Viper' 'Pit Viper' 'Pit Viper' 'Pit Viper'
 'Pit Viper' 'Bronze Back' 'Bronze Back' 'Pit Viper' 'Pit Viper' 'Python'
 'Bronze Back' 'Pit Viper' 'Pit Viper' 'Pit Viper' 'Bronze Back' 'Python'
 'Bronze Back' 'Python']","['Bronze Back' 'Bronze Back' 'Bronze Back' 'Bronze Back' 'Bronze Back'
 'Bronze Back' 'Pit Viper' 'Pit Viper' 'Pit Viper' 'Pit Viper' 'Pit Viper'
 'Pit Viper' 'Pit Viper' 'Pit Viper' 'Pit Viper' 'Pit Viper' 'Pit Viper'
 'Pit Viper' 'Python' 'Python' 'Python' 'Python' 'Python' 'Python'
 'Python']","[ 0  2  4  5  6  7  8  9 10 12 13 14 15 16 18 19 21 22 23 25 26 28 30 31
 32 34 35 36 37 38 39 40 42 44 45 46 47 48 49 50 51 52 55 56 57 59 60 62
 63 64 67 68 69 71 72 75 77 78 79 80 81 82 83 84 85 86 87 88 89 91 93 94]","[ 1  3 11 17 20 24 27 29 33 41 43 53 54 58 61 65 66 70 73 74 76 90 92 95
 96]",48.0,50.0,"['Pit Viper' 'Pit Viper' 'Pit Viper' 'Pit Viper' 'Pit Viper' 'Pit Viper'
 'Pit Viper' 'Pit Viper' 'Pit Viper' 'Pit Viper' 'Pit Viper' 'Pit Viper'
 'Pit Viper' 'Pit Viper' 'Pit Viper' 'Pit Viper' 'Pit Viper' 'Pit Viper'
 'Pit Viper' 'Pit Viper' 'Pit Viper' 'Pit Viper' 'Pit Viper' 'Pit Viper'
 'Pit Viper']",['Bronze Back' 'Pit Viper' 'Python'],3,33.33333333333333
81.25,0,"['Bronze Back' 'Pit Viper' 'Bronze Back' 'Pit Viper' 'Pit Viper'
 'Pit Viper' 'Pit Viper' 'Pit Viper' 'Python' 'Pit Viper' 'Bronze Back'
 'Python' 'Python' 'Python' 'Python' 'Python']","['Bronze Back' 'Bronze Back' 'Bronze Back' 'Pit Viper' 'Pit Viper'
 'Pit Viper' 'Pit Viper' 'Pit Viper' 'Pit Viper' 'Pit Viper' 'Pit Viper'
 'Python' 'Python' 'Python' 'Python' 'Python']","[ 0  1  2  3  4  5  7  8  9 10 11 13 15 16 17 18 19 20 21 22 23 24 25 26
 27 28 29 30 31 32 33 35 37 38 39 40 41 42 43 44 45 49 50 51 52 53 54 55
 56 57 58 60 61 62 63 65 66 68 69 70 71 72 73 75 76 77 78 80 82 83 84 85
 87 88 89 90 91 92 93 95 96]",[ 6 12 14 34 36 46 47 48 59 64 67 74 79 81 86 94],50.0,50.0,"['Pit Viper' 'Pit Viper' 'Pit Viper' 'Pit Viper' 'Pit Viper' 'Pit Viper'
 'Pit Viper' 'Pit Viper' 'Pit Viper' 'Pit Viper' 'Pit Viper' 'Pit Viper'
 'Pit Viper' 'Pit Viper' 'Pit Viper' 'Pit Viper']",['Bronze Back' 'Pit Viper' 'Python'],3,33.33333333333333
63.63636363636363,0,"['Bronze Back' 'Bronze Back' 'Pit Viper' 'Bronze Back' 'Bronze Back'
 'Bronze Back' 'Python' 'Python' 'Pit Viper' 'Pit Viper' 'Pit Viper'
 'Pit Viper' 'Pit Viper' 'Pit Viper' 'Bronze Back' 'Pit Viper' 'Pit Viper'
 'Pit Viper' 'Pit Viper' 'Python' 'Pit Viper' 'Python']","['Bronze Back' 'Bronze Back' 'Bronze Back' 'Bronze Back' 'Bronze Back'
 'Bronze Back' 'Pit Viper' 'Pit Viper' 'Pit Viper' 'Pit Viper' 'Pit Viper'
 'Pit Viper' 'Pit Viper' 'Pit Viper' 'Pit Viper' 'Pit Viper' 'Python'
 'Python' 'Python' 'Python' 'Python' 'Python']","[ 0  1  2  3  4  6  7  8 11 12 13 14 15 16 17 18 20 21 22 23 25 27 29 31
 32 33 34 35 36 37 39 41 42 43 46 47 48 49 51 52 54 55 56 57 58 59 60 61
 62 63 64 66 67 68 69 70 72 74 75 76 77 79 80 81 82 83 84 85 86 87 88 90
 94 95 96]",[ 5  9 10 19 24 26 28 30 38 40 44 45 50 53 65 71 73 78 89 91 92 93],45.45454545454545,50.0,"['Pit Viper' 'Pit Viper' 'Pit Viper' 'Pit Viper' 'Pit Viper' 'Pit Viper'
 'Pit Viper' 'Pit Viper' 'Pit Viper' 'Pit Viper' 'Pit Viper' 'Pit Viper'
 'Pit Viper' 'Pit Viper' 'Pit Viper' 'Pit Viper' 'Pit Viper' 'Pit Viper'
 'Pit Viper' 'Pit Viper' 'Pit Viper' 'Pit Viper']",['Bronze Back' 'Pit Viper' 'Python'],3,33.33333333333333
67.85714285714286,0,"['Bronze Back' 'Bronze Back' 'Bronze Back' 'Pit Viper' 'Bronze Back'
 'Bronze Back' 'Bronze Back' 'Bronze Back' 'Python' 'Pit Viper'
 'Pit Viper' 'Pit Viper' 'Pit Viper' 'Pit Viper' 'Pit Viper' 'Pit Viper'
 'Bronze Back' 'Python' 'Pit Viper' 'Pit Viper' 'Bronze Back'
 'Bronze Back' 'Pit Viper' 'Python' 'Python' 'Pit Viper' 'Python' 'Python']","['Bronze Back' 'Bronze Back' 'Bronze Back' 'Bronze Back' 'Bronze Back'
 'Bronze Back' 'Bronze Back' 'Bronze Back' 'Bronze Back' 'Bronze Back'
 'Pit Viper' 'Pit Viper' 'Pit Viper' 'Pit Viper' 'Pit Viper' 'Pit Viper'
 'Pit Viper' 'Pit Viper' 'Pit Viper' 'Pit Viper' 'Pit Viper' 'Pit Viper'
 'Python' 'Python' 'Python' 'Python' 'Python' 'Python']","[ 0  1  3  4  5  8  9 10 11 13 14 16 18 19 22 23 26 27 28 29 30 31 32 34
 36 37 38 39 40 41 42 43 44 45 47 48 49 50 52 54 55 57 59 61 62 63 66 67
 68 71 72 74 76 77 78 81 82 83 84 85 86 87 88 89 90 91 93 94 95]","[ 2  6  7 12 15 17 20 21 24 25 33 35 46 51 53 56 58 60 64 65 69 70 73 75
 79 80 92 96]",42.857142857142854,50.0,"['Pit Viper' 'Pit Viper' 'Pit Viper' 'Pit Viper' 'Pit Viper' 'Pit Viper'
 'Pit Viper' 'Pit Viper' 'Pit Viper' 'Pit Viper' 'Pit Viper' 'Pit Viper'
 'Pit Viper' 'Pit Viper' 'Pit Viper' 'Pit Viper' 'Pit Viper' 'Pit Viper'
 'Pit Viper' 'Pit Viper' 'Pit Viper' 'Pit Viper' 'Pit Viper' 'Pit Viper'
 'Pit Viper' 'Pit Viper' 'Pit Viper' 'Pit Viper']",['Bronze Back' 'Pit Viper' 'Python'],3,33.33333333333333
64.0,0,"['Pit Viper' 'Bronze Back' 'Bronze Back' 'Bronze Back' 'Pit Viper'
 'Bronze Back' 'Bronze Back' 'Bronze Back' 'Bronze Back' 'Pit Viper'
 'Pit Viper' 'Pit Viper' 'Bronze Back' 'Bronze Back' 'Pit Viper'
 'Bronze Back' 'Bronze Back' 'Pit Viper' 'Pit Viper' 'Bronze Back'
 'Python' 'Python' 'Python' 'Pit Viper' 'Bronze Back']","['Bronze Back' 'Bronze Back' 'Bronze Back' 'Bronze Back' 'Bronze Back'
 'Bronze Back' 'Bronze Back' 'Bronze Back' 'Bronze Back' 'Pit Viper'
 'Pit Viper' 'Pit Viper' 'Pit Viper' 'Pit Viper' 'Pit Viper' 'Pit Viper'
 'Pit Viper' 'Pit Viper' 'Pit Viper' 'Pit Viper' 'Python' 'Python'
 'Python' 'Python' 'Python']","[ 0  1  2  5  8  9 10 11 16 17 18 19 20 22 23 24 25 26 28 29 30 31 32 33
 35 36 37 38 39 40 41 42 43 44 45 47 49 50 51 52 53 57 58 59 61 62 63 65
 66 67 70 71 72 73 74 75 76 77 78 81 82 83 85 86 87 88 89 91 92 93 94 96]","[ 3  4  6  7 12 13 14 15 21 27 34 46 48 54 55 56 60 64 68 69 79 80 84 90
 95]",44.0,50.0,"['Pit Viper' 'Pit Viper' 'Pit Viper' 'Pit Viper' 'Pit Viper' 'Pit Viper'
 'Pit Viper' 'Pit Viper' 'Pit Viper' 'Pit Viper' 'Pit Viper' 'Pit Viper'
 'Pit Viper' 'Pit Viper' 'Pit Viper' 'Pit Viper' 'Pit Viper' 'Pit Viper'
 'Pit Viper' 'Pit Viper' 'Pit Viper' 'Pit Viper' 'Pit Viper' 'Pit Viper'
 'Pit Viper']",['Bronze Back' 'Pit Viper' 'Python'],3,33.33333333333333
84.61538461538461,0,"['Bronze Back' 'Bronze Back' 'Pit Viper' 'Pit Viper' 'Pit Viper'
 'Pit Viper' 'Python' 'Bronze Back' 'Python' 'Python' 'Python' 'Python'
 'Python']","['Bronze Back' 'Bronze Back' 'Pit Viper' 'Pit Viper' 'Pit Viper'
 'Pit Viper' 'Pit Viper' 'Pit Viper' 'Python' 'Python' 'Python' 'Python'
 'Python']","[ 0  1  2  3  4  5  6  7  8  9 10 11 12 13 15 16 17 19 20 21 22 23 24 25
 26 27 28 29 30 31 32 33 35 37 38 39 40 41 42 43 44 45 46 49 50 51 52 53
 54 55 56 57 58 60 61 62 63 64 65 66 68 69 70 71 72 73 75 76 78 79 80 82
 83 84 85 87 88 89 90 91 92 93 95 96]",[14 18 34 36 47 48 59 67 74 77 81 86 94],46.15384615384615,50.0,"['Pit Viper' 'Pit Viper' 'Pit Viper' 'Pit Viper' 'Pit Viper' 'Pit Viper'
 'Pit Viper' 'Pit Viper' 'Pit Viper' 'Pit Viper' 'Pit Viper' 'Pit Viper'
 'Pit Viper']",['Bronze Back' 'Pit Viper' 'Python'],3,33.33333333333333
57.14285714285714,0,"['Pit Viper' 'Bronze Back' 'Pit Viper' 'Bronze Back' 'Bronze Back'
 'Pit Viper' 'Pit Viper' 'Pit Viper' 'Pit Viper' 'Pit Viper' 'Pit Viper'
 'Pit Viper' 'Bronze Back' 'Bronze Back' 'Python' 'Pit Viper' 'Pit Viper'
 'Pit Viper' 'Python' 'Pit Viper' 'Python']","['Bronze Back' 'Bronze Back' 'Bronze Back' 'Bronze Back' 'Bronze Back'
 'Pit Viper' 'Pit Viper' 'Pit Viper' 'Pit Viper' 'Pit Viper' 'Pit Viper'
 'Pit Viper' 'Pit Viper' 'Pit Viper' 'Pit Viper' 'Python' 'Python'
 'Python' 'Python' 'Python' 'Python']","[ 0  2  3  4  5  6  7  8  9 10 12 13 14 15 16 17 19 20 21 22 25 26 27 28
 30 32 33 34 35 36 37 38 39 40 44 45 46 47 48 49 50 51 52 54 55 56 57 58
 59 60 63 64 67 68 69 70 71 72 75 78 79 80 81 82 83 84 86 87 88 89 90 91
 93 94 95 96]",[ 1 11 18 23 24 29 31 41 42 43 53 61 62 65 66 73 74 76 77 85 92],47.61904761904761,50.0,"['Pit Viper' 'Pit Viper' 'Pit Viper' 'Pit Viper' 'Pit Viper' 'Pit Viper'
 'Pit Viper' 'Pit Viper' 'Pit Viper' 'Pit Viper' 'Pit Viper' 'Pit Viper'
 'Pit Viper' 'Pit Viper' 'Pit Viper' 'Pit Viper' 'Pit Viper' 'Pit Viper'
 'Pit Viper' 'Pit Viper' 'Pit Viper']",['Bronze Back' 'Pit Viper' 'Python'],3,33.33333333333333
60.0,0,"['Bronze Back' 'Bronze Back' 'Bronze Back' 'Bronze Back' 'Bronze Back'
 'Bronze Back' 'Bronze Back' 'Python' 'Pit Viper' 'Pit Viper' 'Pit Viper'
 'Pit Viper' 'Bronze Back' 'Bronze Back' 'Bronze Back' 'Bronze Back'
 'Bronze Back' 'Bronze Back' 'Bronze Back' 'Pit Viper' 'Python' 'Python'
 'Pit Viper' 'Python' 'Python']","['Bronze Back' 'Bronze Back' 'Bronze Back' 'Bronze Back' 'Bronze Back'
 'Bronze Back' 'Bronze Back' 'Bronze Back' 'Pit Viper' 'Pit Viper'
 'Pit Viper' 'Pit Viper' 'Pit Viper' 'Pit Viper' 'Pit Viper' 'Pit Viper'
 'Pit Viper' 'Pit Viper' 'Pit Viper' 'Python' 'Python' 'Python' 'Python'
 'Python' 'Python']","[ 1  2  3  4  5  6  8  9 10 11 12 13 14 16 18 19 23 25 26 27 28 29 30 31
 32 34 35 36 38 39 40 41 42 43 44 45 46 47 48 49 50 51 54 55 57 59 61 62
 63 64 66 67 68 71 75 76 77 78 79 81 82 83 84 85 86 87 89 90 91 93 94 95]","[ 0  7 15 17 20 21 22 24 33 37 52 53 56 58 60 65 69 70 72 73 74 80 88 92
 96]",44.0,50.0,"['Pit Viper' 'Pit Viper' 'Pit Viper' 'Pit Viper' 'Pit Viper' 'Pit Viper'
 'Pit Viper' 'Pit Viper' 'Pit Viper' 'Pit Viper' 'Pit Viper' 'Pit Viper'
 'Pit Viper' 'Pit Viper' 'Pit Viper' 'Pit Viper' 'Pit Viper' 'Pit Viper'
 'Pit Viper' 'Pit Viper' 'Pit Viper' 'Pit Viper' 'Pit Viper' 'Pit Viper'
 'Pit Viper']",['Bronze Back' 'Pit Viper' 'Python'],3,33.33333333333333
60.0,0,"['Pit Viper' 'Bronze Back' 'Bronze Back' 'Bronze Back' 'Pit Viper'
 'Pit Viper' 'Pit Viper' 'Python' 'Pit Viper' 'Pit Viper' 'Pit Viper'
 'Pit Viper' 'Pit Viper' 'Bronze Back' 'Python' 'Bronze Back' 'Python'
 'Python' 'Pit Viper' 'Python']","['Bronze Back' 'Bronze Back' 'Bronze Back' 'Bronze Back' 'Bronze Back'
 'Bronze Back' 'Pit Viper' 'Pit Viper' 'Pit Viper' 'Pit Viper' 'Pit Viper'
 'Pit Viper' 'Pit Viper' 'Pit Viper' 'Pit Viper' 'Pit Viper' 'Python'
 'Python' 'Python' 'Python']","[ 0  3  4  5  6  7  8 10 12 13 14 15 16 17 19 20 21 22 23 24 26 27 28 31
 32 33 34 36 37 38 39 40 42 45 46 47 48 49 50 52 53 54 55 56 57 58 59 60
 62 63 64 65 67 68 69 70 72 73 78 79 80 81 82 83 84 85 86 87 88 89 90 91
 92 93 94 95 96]",[ 1  2  9 11 18 25 29 30 35 41 43 44 51 61 66 71 74 75 76 77],50.0,50.0,"['Pit Viper' 'Pit Viper' 'Pit Viper' 'Pit Viper' 'Pit Viper' 'Pit Viper'
 'Pit Viper' 'Pit Viper' 'Pit Viper' 'Pit Viper' 'Pit Viper' 'Pit Viper'
 'Pit Viper' 'Pit Viper' 'Pit Viper' 'Pit Viper' 'Pit Viper' 'Pit Viper'
 'Pit Viper' 'Pit Viper']",['Bronze Back' 'Pit Viper' 'Python'],3,33.33333333333333
70.83333333333334,0,"['Pit Viper' 'Bronze Back' 'Bronze Back' 'Pit Viper' 'Pit Viper'
 'Pit Viper' 'Pit Viper' 'Pit Viper' 'Pit Viper' 'Pit Viper' 'Pit Viper'
 'Pit Viper' 'Python' 'Pit Viper' 'Python' 'Bronze Back' 'Pit Viper'
 'Python' 'Python' 'Python' 'Pit Viper' 'Python' 'Python' 'Python']","['Bronze Back' 'Bronze Back' 'Bronze Back' 'Bronze Back' 'Bronze Back'
 'Pit Viper' 'Pit Viper' 'Pit Viper' 'Pit Viper' 'Pit Viper' 'Pit Viper'
 'Pit Viper' 'Pit Viper' 'Pit Viper' 'Pit Viper' 'Pit Viper' 'Pit Viper'
 'Python' 'Python' 'Python' 'Python' 'Python' 'Python' 'Python']","[ 0  2  3  5  6  7  8  9 10 12 14 15 16 17 18 20 21 22 23 24 25 26 27 28
 30 31 32 33 34 35 37 38 39 40 42 44 45 46 48 49 51 52 53 54 56 57 58 60
 62 63 64 65 69 70 71 72 73 74 75 77 78 79 80 82 83 85 87 88 89 90 92 95
 96]",[ 1  4 11 13 19 29 36 41 43 47 50 55 59 61 66 67 68 76 81 84 86 91 93 94],50.0,50.0,"['Pit Viper' 'Pit Viper' 'Pit Viper' 'Pit Viper' 'Pit Viper' 'Pit Viper'
 'Pit Viper' 'Pit Viper' 'Pit Viper' 'Pit Viper' 'Pit Viper' 'Pit Viper'
 'Pit Viper' 'Pit Viper' 'Pit Viper' 'Pit Viper' 'Pit Viper' 'Pit Viper'
 'Pit Viper' 'Pit Viper' 'Pit Viper' 'Pit Viper' 'Pit Viper' 'Pit Viper']",['Bronze Back' 'Pit Viper' 'Python'],3,33.33333333333333
62.96296296296296,0,"['Pit Viper' 'Bronze Back' 'Bronze Back' 'Bronze Back' 'Bronze Back'
 'Python' 'Pit Viper' 'Pit Viper' 'Pit Viper' 'Pit Viper' 'Pit Viper'
 'Pit Viper' 'Bronze Back' 'Python' 'Bronze Back' 'Pit Viper'
 'Bronze Back' 'Python' 'Bronze Back' 'Bronze Back' 'Pit Viper' 'Python'
 'Python' 'Python' 'Python' 'Python' 'Python']","['Bronze Back' 'Bronze Back' 'Bronze Back' 'Bronze Back' 'Bronze Back'
 'Bronze Back' 'Pit Viper' 'Pit Viper' 'Pit Viper' 'Pit Viper' 'Pit Viper'
 'Pit Viper' 'Pit Viper' 'Pit Viper' 'Pit Viper' 'Pit Viper' 'Pit Viper'
 'Pit Viper' 'Pit Viper' 'Pit Viper' 'Python' 'Python' 'Python' 'Python'
 'Python' 'Python' 'Python']","[ 0  2  3  4  5  6  8  9 10 12 13 14 16 17 18 19 20 22 23 25 26 27 28 30
 31 32 33 34 35 37 38 39 40 42 44 45 46 48 49 50 51 52 54 55 57 58 62 63
 64 68 70 71 72 74 75 77 78 79 82 83 84 85 87 88 89 90 91 93 95 96]","[ 1  7 11 15 21 24 29 36 41 43 47 53 56 59 60 61 65 66 67 69 73 76 80 81
 86 92 94]",51.85185185185185,50.0,"['Pit Viper' 'Pit Viper' 'Pit Viper' 'Pit Viper' 'Pit Viper' 'Pit Viper'
 'Pit Viper' 'Pit Viper' 'Pit Viper' 'Pit Viper' 'Pit Viper' 'Pit Viper'
 'Pit Viper' 'Pit Viper' 'Pit Viper' 'Pit Viper' 'Pit Viper' 'Pit Viper'
 'Pit Viper' 'Pit Viper' 'Pit Viper' 'Pit Viper' 'Pit Viper' 'Pit Viper'
 'Pit Viper' 'Pit Viper' 'Pit Viper']",['Bronze Back' 'Pit Viper' 'Python'],3,33.33333333333333
68.42105263157895,0,"['Bronze Back' 'Bronze Back' 'Bronze Back' 'Bronze Back' 'Python'
 'Pit Viper' 'Pit Viper' 'Pit Viper' 'Pit Viper' 'Bronze Back'
 'Bronze Back' 'Bronze Back' 'Bronze Back' 'Python' 'Python' 'Python'
 'Pit Viper' 'Python' 'Python']","['Bronze Back' 'Bronze Back' 'Bronze Back' 'Bronze Back' 'Pit Viper'
 'Pit Viper' 'Pit Viper' 'Pit Viper' 'Pit Viper' 'Pit Viper' 'Pit Viper'
 'Pit Viper' 'Pit Viper' 'Python' 'Python' 'Python' 'Python' 'Python'
 'Python']","[ 1  2  3  4  5  6  7  8  9 10 11 12 13 14 15 16 18 19 21 23 24 25 26 27
 29 30 31 32 34 35 38 39 40 41 42 43 44 45 46 47 48 49 50 51 53 54 55 56
 57 59 60 61 62 63 64 65 66 68 69 71 73 75 76 77 78 79 80 82 83 84 85 86
 87 90 91 92 93 95]",[ 0 17 20 22 28 33 36 37 52 58 67 70 72 74 81 88 89 94 96],47.368421052631575,50.0,"['Pit Viper' 'Pit Viper' 'Pit Viper' 'Pit Viper' 'Pit Viper' 'Pit Viper'
 'Pit Viper' 'Pit Viper' 'Pit Viper' 'Pit Viper' 'Pit Viper' 'Pit Viper'
 'Pit Viper' 'Pit Viper' 'Pit Viper' 'Pit Viper' 'Pit Viper' 'Pit Viper'
 'Pit Viper']",['Bronze Back' 'Pit Viper' 'Python'],3,33.33333333333333
68.18181818181817,0,"['Pit Viper' 'Bronze Back' 'Bronze Back' 'Pit Viper' 'Pit Viper'
 'Pit Viper' 'Pit Viper' 'Pit Viper' 'Pit Viper' 'Pit Viper' 'Pit Viper'
 'Pit Viper' 'Bronze Back' 'Pit Viper' 'Pit Viper' 'Pit Viper' 'Pit Viper'
 'Python' 'Python' 'Pit Viper' 'Python' 'Pit Viper']","['Bronze Back' 'Bronze Back' 'Bronze Back' 'Bronze Back' 'Pit Viper'
 'Pit Viper' 'Pit Viper' 'Pit Viper' 'Pit Viper' 'Pit Viper' 'Pit Viper'
 'Pit Viper' 'Pit Viper' 'Pit Viper' 'Pit Viper' 'Python' 'Python'
 'Python' 'Python' 'Python' 'Python' 'Python']","[ 0  1  2  4  5  6  7  9 10 11 12 13 14 15 16 17 18 19 20 21 22 25 26 28
 29 30 33 34 35 36 37 38 40 41 43 44 45 46 47 48 49 50 51 52 55 56 58 59
 60 61 64 66 67 68 69 70 71 72 74 75 76 77 78 79 80 81 82 84 86 88 89 91
 93 94 96]",[ 3  8 23 24 27 31 32 39 42 53 54 57 62 63 65 73 83 85 87 90 92 95],50.0,50.0,"['Pit Viper' 'Pit Viper' 'Pit Viper' 'Pit Viper' 'Pit Viper' 'Pit Viper'
 'Pit Viper' 'Pit Viper' 'Pit Viper' 'Pit Viper' 'Pit Viper' 'Pit Viper'
 'Pit Viper' 'Pit Viper' 'Pit Viper' 'Pit Viper' 'Pit Viper' 'Pit Viper'
 'Pit Viper' 'Pit Viper' 'Pit Viper' 'Pit Viper']",['Bronze Back' 'Pit Viper' 'Python'],3,33.33333333333333
68.96551724137932,0,"['Bronze Back' 'Bronze Back' 'Bronze Back' 'Bronze Back' 'Bronze Back'
 'Bronze Back' 'Bronze Back' 'Python' 'Bronze Back' 'Bronze Back'
 'Pit Viper' 'Pit Viper' 'Pit Viper' 'Pit Viper' 'Pit Viper' 'Bronze Back'
 'Bronze Back' 'Bronze Back' 'Pit Viper' 'Bronze Back' 'Bronze Back'
 'Bronze Back' 'Python' 'Pit Viper' 'Python' 'Python' 'Python' 'Python'
 'Python']","['Bronze Back' 'Bronze Back' 'Bronze Back' 'Bronze Back' 'Bronze Back'
 'Bronze Back' 'Bronze Back' 'Bronze Back' 'Bronze Back' 'Pit Viper'
 'Pit Viper' 'Pit Viper' 'Pit Viper' 'Pit Viper' 'Pit Viper' 'Pit Viper'
 'Pit Viper' 'Pit Viper' 'Pit Viper' 'Pit Viper' 'Pit Viper' 'Pit Viper'
 'Python' 'Python' 'Python' 'Python' 'Python' 'Python' 'Python']","[ 0  1  2  3  4  6  8  9 11 12 13 14 16 18 19 22 23 25 27 28 29 30 31 32
 34 35 37 39 41 42 43 44 46 47 48 49 50 51 52 54 55 57 59 61 62 63 64 66
 68 71 72 74 75 76 77 79 82 83 84 85 86 87 88 89 90 91 93 95]","[ 5  7 10 15 17 20 21 24 26 33 36 38 40 45 53 56 58 60 65 67 69 70 73 78
 80 81 92 94 96]",44.827586206896555,50.0,"['Pit Viper' 'Pit Viper' 'Pit Viper' 'Pit Viper' 'Pit Viper' 'Pit Viper'
 'Pit Viper' 'Pit Viper' 'Pit Viper' 'Pit Viper' 'Pit Viper' 'Pit Viper'
 'Pit Viper' 'Pit Viper' 'Pit Viper' 'Pit Viper' 'Pit Viper' 'Pit Viper'
 'Pit Viper' 'Pit Viper' 'Pit Viper' 'Pit Viper' 'Pit Viper' 'Pit Viper'
 'Pit Viper' 'Pit Viper' 'Pit Viper' 'Pit Viper' 'Pit Viper']",['Bronze Back' 'Pit Viper' 'Python'],3,33.33333333333333
65.0,0,"['Bronze Back' 'Pit Viper' 'Pit Viper' 'Pit Viper' 'Pit Viper' 'Pit Viper'
 'Pit Viper' 'Pit Viper' 'Pit Viper' 'Pit Viper' 'Pit Viper' 'Pit Viper'
 'Bronze Back' 'Pit Viper' 'Python' 'Python' 'Python' 'Pit Viper' 'Python'
 'Python']","['Bronze Back' 'Bronze Back' 'Bronze Back' 'Bronze Back' 'Bronze Back'
 'Bronze Back' 'Pit Viper' 'Pit Viper' 'Pit Viper' 'Pit Viper' 'Pit Viper'
 'Pit Viper' 'Pit Viper' 'Pit Viper' 'Python' 'Python' 'Python' 'Python'
 'Python' 'Python']","[ 0  1  3  4  5  7  8  9 10 11 13 14 15 16 17 18 20 21 22 24 26 27 28 29
 30 32 33 34 36 37 38 39 40 41 43 44 45 47 48 49 52 53 54 55 56 57 58 59
 60 61 63 65 66 67 68 69 70 71 72 73 76 77 78 80 81 82 83 84 86 87 88 89
 90 92 94 95 96]",[ 2  6 12 19 23 25 31 35 42 46 50 51 62 64 74 75 79 85 91 93],40.0,50.0,"['Pit Viper' 'Pit Viper' 'Pit Viper' 'Pit Viper' 'Pit Viper' 'Pit Viper'
 'Pit Viper' 'Pit Viper' 'Pit Viper' 'Pit Viper' 'Pit Viper' 'Pit Viper'
 'Pit Viper' 'Pit Viper' 'Pit Viper' 'Pit Viper' 'Pit Viper' 'Pit Viper'
 'Pit Viper' 'Pit Viper']",['Bronze Back' 'Pit Viper' 'Python'],3,33.33333333333333
57.14285714285714,0,"['Bronze Back' 'Pit Viper' 'Bronze Back' 'Pit Viper' 'Bronze Back'
 'Pit Viper' 'Bronze Back' 'Pit Viper' 'Pit Viper' 'Pit Viper'
 'Bronze Back' 'Pit Viper' 'Pit Viper' 'Pit Viper' 'Bronze Back'
 'Pit Viper' 'Pit Viper' 'Python' 'Python' 'Pit Viper' 'Pit Viper']","['Bronze Back' 'Bronze Back' 'Bronze Back' 'Bronze Back' 'Bronze Back'
 'Bronze Back' 'Bronze Back' 'Pit Viper' 'Pit Viper' 'Pit Viper'
 'Pit Viper' 'Pit Viper' 'Pit Viper' 'Pit Viper' 'Pit Viper' 'Python'
 'Python' 'Python' 'Python' 'Python' 'Python']","[ 1  2  5  6  7  8  9 10 11 12 14 15 17 19 20 21 23 24 25 26 28 29 30 31
 32 33 34 35 36 38 39 40 41 42 43 44 45 46 47 48 50 51 53 56 57 58 59 60
 61 62 63 64 65 66 67 69 70 71 73 74 75 76 78 79 80 81 83 85 86 87 89 91
 92 93 94 96]",[ 0  3  4 13 16 18 22 27 37 49 52 54 55 68 72 77 82 84 88 90 95],38.095238095238095,50.0,"['Pit Viper' 'Pit Viper' 'Pit Viper' 'Pit Viper' 'Pit Viper' 'Pit Viper'
 'Pit Viper' 'Pit Viper' 'Pit Viper' 'Pit Viper' 'Pit Viper' 'Pit Viper'
 'Pit Viper' 'Pit Viper' 'Pit Viper' 'Pit Viper' 'Pit Viper' 'Pit Viper'
 'Pit Viper' 'Pit Viper' 'Pit Viper']",['Bronze Back' 'Pit Viper' 'Python'],3,33.33333333333333
72.0,0,"['Pit Viper' 'Bronze Back' 'Bronze Back' 'Pit Viper' 'Bronze Back'
 'Pit Viper' 'Pit Viper' 'Pit Viper' 'Pit Viper' 'Pit Viper' 'Pit Viper'
 'Pit Viper' 'Pit Viper' 'Pit Viper' 'Pit Viper' 'Pit Viper' 'Pit Viper'
 'Python' 'Pit Viper' 'Python' 'Python' 'Pit Viper' 'Python' 'Python'
 'Python']","['Bronze Back' 'Bronze Back' 'Bronze Back' 'Bronze Back' 'Bronze Back'
 'Bronze Back' 'Bronze Back' 'Bronze Back' 'Pit Viper' 'Pit Viper'
 'Pit Viper' 'Pit Viper' 'Pit Viper' 'Pit Viper' 'Pit Viper' 'Pit Viper'
 'Pit Viper' 'Pit Viper' 'Pit Viper' 'Python' 'Python' 'Python' 'Python'
 'Python' 'Python']","[ 0  2  3  5  7  9 10 14 15 16 17 18 20 21 22 23 24 25 26 27 28 30 31 33
 34 35 36 37 38 39 40 42 44 45 47 48 49 51 52 53 54 56 57 58 59 60 62 63
 65 67 69 70 71 72 73 74 75 77 78 80 81 82 85 86 87 88 89 90 92 94 95 96]","[ 1  4  6  8 11 12 13 19 29 32 41 43 46 50 55 61 64 66 68 76 79 83 84 91
 93]",44.0,50.0,"['Pit Viper' 'Pit Viper' 'Pit Viper' 'Pit Viper' 'Pit Viper' 'Pit Viper'
 'Pit Viper' 'Pit Viper' 'Pit Viper' 'Pit Viper' 'Pit Viper' 'Pit Viper'
 'Pit Viper' 'Pit Viper' 'Pit Viper' 'Pit Viper' 'Pit Viper' 'Pit Viper'
 'Pit Viper' 'Pit Viper' 'Pit Viper' 'Pit Viper' 'Pit Viper' 'Pit Viper'
 'Pit Viper']",['Bronze Back' 'Pit Viper' 'Python'],3,33.33333333333333
80.0,0,"['Bronze Back' 'Bronze Back' 'Pit Viper' 'Bronze Back' 'Pit Viper'
 'Python' 'Pit Viper' 'Pit Viper' 'Pit Viper' 'Pit Viper' 'Pit Viper'
 'Pit Viper' 'Pit Viper' 'Bronze Back' 'Pit Viper' 'Python' 'Python'
 'Python' 'Python' 'Python']","['Bronze Back' 'Bronze Back' 'Bronze Back' 'Bronze Back' 'Bronze Back'
 'Pit Viper' 'Pit Viper' 'Pit Viper' 'Pit Viper' 'Pit Viper' 'Pit Viper'
 'Pit Viper' 'Pit Viper' 'Pit Viper' 'Pit Viper' 'Python' 'Python'
 'Python' 'Python' 'Python']","[ 0  1  2  3  4  5  7  8 10 11 13 15 16 17 18 20 21 22 23 24 25 26 27 28
 29 31 32 33 35 37 38 39 40 41 42 43 45 47 49 51 52 53 54 55 56 57 58 59
 60 61 62 63 65 66 68 69 70 72 73 74 75 76 77 78 80 82 83 84 85 86 87 88
 89 90 92 95 96]",[ 6  9 12 14 19 30 34 36 44 46 48 50 64 67 71 79 81 91 93 94],50.0,50.0,"['Pit Viper' 'Pit Viper' 'Pit Viper' 'Pit Viper' 'Pit Viper' 'Pit Viper'
 'Pit Viper' 'Pit Viper' 'Pit Viper' 'Pit Viper' 'Pit Viper' 'Pit Viper'
 'Pit Viper' 'Pit Viper' 'Pit Viper' 'Pit Viper' 'Pit Viper' 'Pit Viper'
 'Pit Viper' 'Pit Viper']",['Bronze Back' 'Pit Viper' 'Python'],3,33.33333333333333
66.66666666666666,0,"['Bronze Back' 'Bronze Back' 'Pit Viper' 'Bronze Back' 'Bronze Back'
 'Python' 'Python' 'Pit Viper' 'Pit Viper' 'Pit Viper' 'Pit Viper'
 'Bronze Back' 'Bronze Back' 'Pit Viper' 'Bronze Back' 'Pit Viper'
 'Python' 'Python' 'Pit Viper' 'Python' 'Python']","['Bronze Back' 'Bronze Back' 'Bronze Back' 'Bronze Back' 'Bronze Back'
 'Pit Viper' 'Pit Viper' 'Pit Viper' 'Pit Viper' 'Pit Viper' 'Pit Viper'
 'Pit Viper' 'Pit Viper' 'Pit Viper' 'Pit Viper' 'Pit Viper' 'Python'
 'Python' 'Python' 'Python' 'Python']","[ 0  1  2  3  5  6  7  8 10 11 12 14 15 16 18 19 21 22 23 24 25 26 27 29
 31 32 34 35 37 38 39 40 41 42 43 45 46 47 48 49 50 51 52 53 54 56 57 59
 60 61 62 63 64 65 66 69 72 73 74 75 76 77 78 79 80 82 83 85 86 87 88 90
 91 92 93 95]",[ 4  9 13 17 20 28 30 33 36 44 55 58 67 68 70 71 81 84 89 94 96],52.38095238095239,50.0,"['Pit Viper' 'Pit Viper' 'Pit Viper' 'Pit Viper' 'Pit Viper' 'Pit Viper'
 'Pit Viper' 'Pit Viper' 'Pit Viper' 'Pit Viper' 'Pit Viper' 'Pit Viper'
 'Pit Viper' 'Pit Viper' 'Pit Viper' 'Pit Viper' 'Pit Viper' 'Pit Viper'
 'Pit Viper' 'Pit Viper' 'Pit Viper']",['Bronze Back' 'Pit Viper' 'Python'],3,33.33333333333333
64.28571428571429,0,"['Bronze Back' 'Pit Viper' 'Bronze Back' 'Bronze Back' 'Bronze Back'
 'Bronze Back' 'Pit Viper' 'Bronze Back' 'Pit Viper' 'Pit Viper' 'Python'
 'Pit Viper' 'Pit Viper' 'Pit Viper' 'Pit Viper' 'Bronze Back' 'Pit Viper'
 'Bronze Back' 'Pit Viper' 'Bronze Back' 'Python' 'Pit Viper'
 'Bronze Back' 'Bronze Back' 'Python' 'Python' 'Python' 'Python']","['Bronze Back' 'Bronze Back' 'Bronze Back' 'Bronze Back' 'Bronze Back'
 'Bronze Back' 'Bronze Back' 'Bronze Back' 'Bronze Back' 'Pit Viper'
 'Pit Viper' 'Pit Viper' 'Pit Viper' 'Pit Viper' 'Pit Viper' 'Pit Viper'
 'Pit Viper' 'Pit Viper' 'Pit Viper' 'Pit Viper' 'Pit Viper' 'Pit Viper'
 'Pit Viper' 'Pit Viper' 'Python' 'Python' 'Python' 'Python']","[ 3  5  6  7  8 10 12 14 15 16 17 18 19 20 21 23 24 26 27 28 31 32 33 34
 36 38 39 40 42 45 46 47 48 49 50 53 54 56 57 58 59 60 62 63 64 65 67 69
 70 73 74 77 78 79 80 81 82 83 85 86 87 89 90 91 92 93 94 95 96]","[ 0  1  2  4  9 11 13 22 25 29 30 35 37 41 43 44 51 52 55 61 66 68 71 72
 75 76 84 88]",53.57142857142857,50.0,"['Pit Viper' 'Pit Viper' 'Pit Viper' 'Pit Viper' 'Pit Viper' 'Pit Viper'
 'Pit Viper' 'Pit Viper' 'Pit Viper' 'Pit Viper' 'Pit Viper' 'Pit Viper'
 'Pit Viper' 'Pit Viper' 'Pit Viper' 'Pit Viper' 'Pit Viper' 'Pit Viper'
 'Pit Viper' 'Pit Viper' 'Pit Viper' 'Pit Viper' 'Pit Viper' 'Pit Viper'
 'Pit Viper' 'Pit Viper' 'Pit Viper' 'Pit Viper']",['Bronze Back' 'Pit Viper' 'Python'],3,33.33333333333333
60.0,0,"['Bronze Back' 'Pit Viper' 'Pit Viper' 'Pit Viper' 'Pit Viper'
 'Bronze Back' 'Python' 'Pit Viper' 'Pit Viper' 'Pit Viper' 'Pit Viper'
 'Pit Viper' 'Pit Viper' 'Pit Viper' 'Python' 'Pit Viper' 'Pit Viper'
 'Python' 'Python' 'Python']","['Bronze Back' 'Bronze Back' 'Bronze Back' 'Bronze Back' 'Bronze Back'
 'Bronze Back' 'Pit Viper' 'Pit Viper' 'Pit Viper' 'Pit Viper' 'Pit Viper'
 'Pit Viper' 'Pit Viper' 'Python' 'Python' 'Python' 'Python' 'Python'
 'Python' 'Python']","[ 0  1  2  3  4  6  7  8  9 11 12 13 14 15 16 17 20 21 22 23 25 27 29 30
 31 32 33 34 35 36 37 39 41 42 43 44 46 47 48 49 51 52 54 55 56 57 58 59
 60 61 62 63 64 66 67 68 69 70 71 72 74 75 76 79 80 81 82 83 84 85 86 87
 88 90 94 95 96]",[ 5 10 18 19 24 26 28 38 40 45 50 53 65 73 77 78 89 91 92 93],35.0,50.0,"['Pit Viper' 'Pit Viper' 'Pit Viper' 'Pit Viper' 'Pit Viper' 'Pit Viper'
 'Pit Viper' 'Pit Viper' 'Pit Viper' 'Pit Viper' 'Pit Viper' 'Pit Viper'
 'Pit Viper' 'Pit Viper' 'Pit Viper' 'Pit Viper' 'Pit Viper' 'Pit Viper'
 'Pit Viper' 'Pit Viper']",['Bronze Back' 'Pit Viper' 'Python'],3,33.33333333333333
76.0,0,"['Bronze Back' 'Bronze Back' 'Bronze Back' 'Bronze Back' 'Bronze Back'
 'Bronze Back' 'Bronze Back' 'Bronze Back' 'Python' 'Pit Viper'
 'Pit Viper' 'Pit Viper' 'Pit Viper' 'Pit Viper' 'Pit Viper' 'Bronze Back'
 'Python' 'Bronze Back' 'Bronze Back' 'Pit Viper' 'Pit Viper' 'Python'
 'Python' 'Python' 'Python']","['Bronze Back' 'Bronze Back' 'Bronze Back' 'Bronze Back' 'Bronze Back'
 'Bronze Back' 'Bronze Back' 'Bronze Back' 'Pit Viper' 'Pit Viper'
 'Pit Viper' 'Pit Viper' 'Pit Viper' 'Pit Viper' 'Pit Viper' 'Pit Viper'
 'Pit Viper' 'Pit Viper' 'Pit Viper' 'Pit Viper' 'Python' 'Python'
 'Python' 'Python' 'Python']","[ 0  1  2  3  4  6  8 11 12 13 14 16 17 18 20 22 23 24 25 27 28 29 31 32
 33 34 35 36 37 39 41 42 43 46 48 49 51 52 53 54 55 57 58 61 62 63 64 65
 66 67 68 70 72 73 74 75 76 77 79 81 82 83 84 85 87 88 89 90 92 94 95 96]","[ 5  7  9 10 15 19 21 26 30 38 40 44 45 47 50 56 59 60 69 71 78 80 86 91
 93]",48.0,50.0,"['Pit Viper' 'Pit Viper' 'Pit Viper' 'Pit Viper' 'Pit Viper' 'Pit Viper'
 'Pit Viper' 'Pit Viper' 'Pit Viper' 'Pit Viper' 'Pit Viper' 'Pit Viper'
 'Pit Viper' 'Pit Viper' 'Pit Viper' 'Pit Viper' 'Pit Viper' 'Pit Viper'
 'Pit Viper' 'Pit Viper' 'Pit Viper' 'Pit Viper' 'Pit Viper' 'Pit Viper'
 'Pit Viper']",['Bronze Back' 'Pit Viper' 'Python'],3,33.33333333333333
80.0,0,"['Bronze Back' 'Bronze Back' 'Pit Viper' 'Bronze Back' 'Python'
 'Pit Viper' 'Pit Viper' 'Pit Viper' 'Pit Viper' 'Pit Viper' 'Python'
 'Bronze Back' 'Pit Viper' 'Pit Viper' 'Python' 'Python' 'Python' 'Python'
 'Python' 'Python']","['Bronze Back' 'Bronze Back' 'Bronze Back' 'Bronze Back' 'Pit Viper'
 'Pit Viper' 'Pit Viper' 'Pit Viper' 'Pit Viper' 'Pit Viper' 'Pit Viper'
 'Pit Viper' 'Pit Viper' 'Pit Viper' 'Python' 'Python' 'Python' 'Python'
 'Python' 'Python']","[ 0  1  2  3  5  6  7  8 10 11 12 14 15 16 17 18 20 21 22 23 24 25 26 27
 28 29 31 32 33 34 35 37 38 39 40 41 42 43 45 46 48 49 51 52 53 54 56 57
 58 60 61 62 63 64 65 66 69 70 72 73 74 75 76 77 78 79 80 82 83 85 87 88
 89 90 92 95 96]",[ 4  9 13 19 30 36 44 47 50 55 59 67 68 71 81 84 86 91 93 94],50.0,50.0,"['Pit Viper' 'Pit Viper' 'Pit Viper' 'Pit Viper' 'Pit Viper' 'Pit Viper'
 'Pit Viper' 'Pit Viper' 'Pit Viper' 'Pit Viper' 'Pit Viper' 'Pit Viper'
 'Pit Viper' 'Pit Viper' 'Pit Viper' 'Pit Viper' 'Pit Viper' 'Pit Viper'
 'Pit Viper' 'Pit Viper']",['Bronze Back' 'Pit Viper' 'Python'],3,33.33333333333333
50.0,0,"['Bronze Back' 'Bronze Back' 'Bronze Back' 'Python' 'Python' 'Pit Viper'
 'Pit Viper' 'Pit Viper' 'Bronze Back' 'Pit Viper' 'Bronze Back'
 'Bronze Back' 'Pit Viper' 'Pit Viper' 'Bronze Back' 'Python']","['Bronze Back' 'Bronze Back' 'Bronze Back' 'Bronze Back' 'Pit Viper'
 'Pit Viper' 'Pit Viper' 'Pit Viper' 'Pit Viper' 'Pit Viper' 'Pit Viper'
 'Pit Viper' 'Python' 'Python' 'Python' 'Python']","[ 0  1  2  3  4  5  6  7 10 11 12 13 15 16 17 18 19 20 21 22 23 25 26 27
 28 29 31 33 35 36 37 38 39 40 41 42 43 45 46 47 49 50 51 52 54 55 56 57
 58 59 60 61 62 63 64 66 67 68 69 70 72 75 76 77 78 79 80 81 82 84 85 86
 87 88 89 90 91 93 94 95 96]",[ 8  9 14 24 30 32 34 44 48 53 65 71 73 74 83 92],50.0,50.0,"['Pit Viper' 'Pit Viper' 'Pit Viper' 'Pit Viper' 'Pit Viper' 'Pit Viper'
 'Pit Viper' 'Pit Viper' 'Pit Viper' 'Pit Viper' 'Pit Viper' 'Pit Viper'
 'Pit Viper' 'Pit Viper' 'Pit Viper' 'Pit Viper']",['Bronze Back' 'Pit Viper' 'Python'],3,33.33333333333333
66.66666666666666,0,"['Pit Viper' 'Bronze Back' 'Pit Viper' 'Pit Viper' 'Pit Viper' 'Pit Viper'
 'Pit Viper' 'Pit Viper' 'Pit Viper' 'Python' 'Pit Viper' 'Pit Viper'
 'Python' 'Python' 'Python' 'Pit Viper' 'Pit Viper' 'Python']","['Bronze Back' 'Bronze Back' 'Bronze Back' 'Pit Viper' 'Pit Viper'
 'Pit Viper' 'Pit Viper' 'Pit Viper' 'Pit Viper' 'Pit Viper' 'Pit Viper'
 'Pit Viper' 'Pit Viper' 'Python' 'Python' 'Python' 'Python' 'Python']","[ 0  2  3  4  5  6  7  8  9 10 12 13 14 15 16 17 19 20 21 22 23 24 25 26
 27 28 30 31 32 33 34 35 36 37 38 40 42 44 45 46 48 49 50 51 52 53 54 55
 56 58 60 62 64 65 67 68 69 70 71 72 73 75 78 79 80 81 82 83 84 85 88 89
 90 91 92 93 94 95 96]",[ 1 11 18 29 39 41 43 47 57 59 61 63 66 74 76 77 86 87],55.55555555555556,50.0,"['Pit Viper' 'Pit Viper' 'Pit Viper' 'Pit Viper' 'Pit Viper' 'Pit Viper'
 'Pit Viper' 'Pit Viper' 'Pit Viper' 'Pit Viper' 'Pit Viper' 'Pit Viper'
 'Pit Viper' 'Pit Viper' 'Pit Viper' 'Pit Viper' 'Pit Viper' 'Pit Viper']",['Bronze Back' 'Pit Viper' 'Python'],3,33.33333333333333
66.66666666666666,0,"['Bronze Back' 'Bronze Back' 'Bronze Back' 'Bronze Back' 'Bronze Back'
 'Bronze Back' 'Pit Viper' 'Pit Viper' 'Pit Viper' 'Bronze Back'
 'Pit Viper' 'Bronze Back' 'Bronze Back' 'Bronze Back' 'Python'
 'Pit Viper' 'Pit Viper' 'Python']","['Bronze Back' 'Bronze Back' 'Bronze Back' 'Bronze Back' 'Bronze Back'
 'Bronze Back' 'Pit Viper' 'Pit Viper' 'Pit Viper' 'Pit Viper' 'Pit Viper'
 'Pit Viper' 'Pit Viper' 'Pit Viper' 'Python' 'Python' 'Python' 'Python']","[ 1  2  3  4  5  6  7  8  9 10 11 12 13 15 16 19 21 23 24 25 26 27 28 29
 30 31 32 35 36 38 39 40 41 42 43 44 45 46 47 49 50 51 53 54 55 56 57 59
 60 61 62 63 64 65 66 67 68 69 71 73 75 76 78 79 80 81 82 83 84 85 86 87
 89 90 91 92 93 94 95]",[ 0 14 17 18 20 22 33 34 37 48 52 58 70 72 74 77 88 96],44.44444444444444,50.0,"['Pit Viper' 'Pit Viper' 'Pit Viper' 'Pit Viper' 'Pit Viper' 'Pit Viper'
 'Pit Viper' 'Pit Viper' 'Pit Viper' 'Pit Viper' 'Pit Viper' 'Pit Viper'
 'Pit Viper' 'Pit Viper' 'Pit Viper' 'Pit Viper' 'Pit Viper' 'Pit Viper']",['Bronze Back' 'Pit Viper' 'Python'],3,33.33333333333333
60.86956521739131,0,"['Pit Viper' 'Bronze Back' 'Bronze Back' 'Pit Viper' 'Pit Viper'
 'Pit Viper' 'Bronze Back' 'Pit Viper' 'Pit Viper' 'Pit Viper' 'Pit Viper'
 'Pit Viper' 'Pit Viper' 'Pit Viper' 'Pit Viper' 'Pit Viper' 'Python'
 'Pit Viper' 'Python' 'Python' 'Pit Viper' 'Python' 'Pit Viper']","['Bronze Back' 'Bronze Back' 'Bronze Back' 'Bronze Back' 'Bronze Back'
 'Bronze Back' 'Bronze Back' 'Bronze Back' 'Bronze Back' 'Pit Viper'
 'Pit Viper' 'Pit Viper' 'Pit Viper' 'Pit Viper' 'Pit Viper' 'Pit Viper'
 'Pit Viper' 'Pit Viper' 'Python' 'Python' 'Python' 'Python' 'Python']","[ 0  1  3  4  6  8  9 11 12 13 14 17 18 19 20 22 23 24 27 28 29 30 31 32
 33 34 36 37 39 41 42 43 44 46 47 48 50 52 53 54 55 57 58 59 61 62 63 64
 65 66 67 68 70 71 72 73 76 77 79 81 83 84 85 86 87 88 89 90 91 92 93 94
 95 96]",[ 2  5  7 10 15 16 21 25 26 35 38 40 45 49 51 56 60 69 74 75 78 80 82],39.130434782608695,50.0,"['Pit Viper' 'Pit Viper' 'Pit Viper' 'Pit Viper' 'Pit Viper' 'Pit Viper'
 'Pit Viper' 'Pit Viper' 'Pit Viper' 'Pit Viper' 'Pit Viper' 'Pit Viper'
 'Pit Viper' 'Pit Viper' 'Pit Viper' 'Pit Viper' 'Pit Viper' 'Pit Viper'
 'Pit Viper' 'Pit Viper' 'Pit Viper' 'Pit Viper' 'Pit Viper']",['Bronze Back' 'Pit Viper' 'Python'],3,33.33333333333333
54.54545454545454,0,"['Bronze Back' 'Pit Viper' 'Pit Viper' 'Pit Viper' 'Bronze Back' 'Python'
 'Pit Viper' 'Pit Viper' 'Pit Viper' 'Pit Viper' 'Pit Viper' 'Pit Viper'
 'Pit Viper' 'Bronze Back' 'Pit Viper' 'Bronze Back' 'Pit Viper' 'Python'
 'Pit Viper' 'Python' 'Pit Viper' 'Python']","['Bronze Back' 'Bronze Back' 'Bronze Back' 'Bronze Back' 'Bronze Back'
 'Bronze Back' 'Bronze Back' 'Pit Viper' 'Pit Viper' 'Pit Viper'
 'Pit Viper' 'Pit Viper' 'Pit Viper' 'Pit Viper' 'Pit Viper' 'Pit Viper'
 'Python' 'Python' 'Python' 'Python' 'Python' 'Python']","[ 0  1  3  4  5  7  8  9 10 11 13 14 15 16 17 19 20 21 22 26 27 28 29 30
 32 33 34 36 37 38 39 40 41 43 44 45 47 48 49 50 52 54 55 56 57 58 59 60
 61 63 66 67 68 69 70 71 72 74 76 78 80 81 82 83 84 86 87 88 89 90 91 93
 94 95 96]",[ 2  6 12 18 23 24 25 31 35 42 46 51 53 62 64 65 73 75 77 79 85 92],40.909090909090914,50.0,"['Pit Viper' 'Pit Viper' 'Pit Viper' 'Pit Viper' 'Pit Viper' 'Pit Viper'
 'Pit Viper' 'Pit Viper' 'Pit Viper' 'Pit Viper' 'Pit Viper' 'Pit Viper'
 'Pit Viper' 'Pit Viper' 'Pit Viper' 'Pit Viper' 'Pit Viper' 'Pit Viper'
 'Pit Viper' 'Pit Viper' 'Pit Viper' 'Pit Viper']",['Bronze Back' 'Pit Viper' 'Python'],3,33.33333333333333
57.692307692307686,0,"['Bronze Back' 'Pit Viper' 'Bronze Back' 'Pit Viper' 'Python' 'Pit Viper'
 'Pit Viper' 'Bronze Back' 'Python' 'Pit Viper' 'Pit Viper' 'Pit Viper'
 'Pit Viper' 'Pit Viper' 'Python' 'Bronze Back' 'Bronze Back' 'Pit Viper'
 'Bronze Back' 'Pit Viper' 'Python' 'Python' 'Python' 'Python' 'Python'
 'Python']","['Bronze Back' 'Bronze Back' 'Bronze Back' 'Bronze Back' 'Bronze Back'
 'Bronze Back' 'Bronze Back' 'Bronze Back' 'Bronze Back' 'Pit Viper'
 'Pit Viper' 'Pit Viper' 'Pit Viper' 'Pit Viper' 'Pit Viper' 'Pit Viper'
 'Pit Viper' 'Pit Viper' 'Pit Viper' 'Python' 'Python' 'Python' 'Python'
 'Python' 'Python' 'Python']","[ 0  1  2  3  5  8  9 10 11 14 16 17 18 20 22 23 25 26 27 28 29 30 31 32
 33 34 35 36 37 38 39 40 41 42 43 44 45 47 48 49 51 52 54 57 58 59 61 62
 63 66 67 70 71 72 74 75 76 77 78 81 82 83 85 86 87 88 89 90 94 95 96]","[ 4  6  7 12 13 15 19 21 24 46 50 53 55 56 60 64 65 68 69 73 79 80 84 91
 92 93]",38.46153846153847,50.0,"['Pit Viper' 'Pit Viper' 'Pit Viper' 'Pit Viper' 'Pit Viper' 'Pit Viper'
 'Pit Viper' 'Pit Viper' 'Pit Viper' 'Pit Viper' 'Pit Viper' 'Pit Viper'
 'Pit Viper' 'Pit Viper' 'Pit Viper' 'Pit Viper' 'Pit Viper' 'Pit Viper'
 'Pit Viper' 'Pit Viper' 'Pit Viper' 'Pit Viper' 'Pit Viper' 'Pit Viper'
 'Pit Viper' 'Pit Viper']",['Bronze Back' 'Pit Viper' 'Python'],3,33.33333333333333
55.55555555555556,0,"['Bronze Back' 'Bronze Back' 'Bronze Back' 'Pit Viper' 'Python' 'Python'
 'Pit Viper' 'Pit Viper' 'Pit Viper' 'Bronze Back' 'Bronze Back'
 'Bronze Back' 'Pit Viper' 'Python' 'Pit Viper' 'Bronze Back' 'Python'
 'Bronze Back']","['Bronze Back' 'Bronze Back' 'Bronze Back' 'Pit Viper' 'Pit Viper'
 'Pit Viper' 'Pit Viper' 'Pit Viper' 'Pit Viper' 'Pit Viper' 'Pit Viper'
 'Pit Viper' 'Pit Viper' 'Python' 'Python' 'Python' 'Python' 'Python']","[ 0  1  2  4  5  6  7  8 10 11 12 13 15 16 17 18 19 20 21 22 23 24 25 26
 29 31 32 33 35 37 38 39 40 41 42 43 45 46 47 49 50 51 52 53 55 56 57 58
 59 60 61 62 63 64 65 66 68 69 70 72 73 74 75 76 77 78 79 80 82 83 84 85
 86 87 88 91 92 93 96]",[ 3  9 14 27 28 30 34 36 44 48 54 67 71 81 89 90 94 95],55.55555555555556,50.0,"['Pit Viper' 'Pit Viper' 'Pit Viper' 'Pit Viper' 'Pit Viper' 'Pit Viper'
 'Pit Viper' 'Pit Viper' 'Pit Viper' 'Pit Viper' 'Pit Viper' 'Pit Viper'
 'Pit Viper' 'Pit Viper' 'Pit Viper' 'Pit Viper' 'Pit Viper' 'Pit Viper']",['Bronze Back' 'Pit Viper' 'Python'],3,33.33333333333333
73.07692307692307,0,"['Bronze Back' 'Pit Viper' 'Bronze Back' 'Bronze Back' 'Bronze Back'
 'Bronze Back' 'Pit Viper' 'Pit Viper' 'Pit Viper' 'Pit Viper' 'Pit Viper'
 'Pit Viper' 'Pit Viper' 'Pit Viper' 'Bronze Back' 'Pit Viper' 'Pit Viper'
 'Pit Viper' 'Bronze Back' 'Pit Viper' 'Python' 'Bronze Back' 'Python'
 'Pit Viper' 'Python' 'Pit Viper']","['Bronze Back' 'Bronze Back' 'Bronze Back' 'Bronze Back' 'Bronze Back'
 'Bronze Back' 'Pit Viper' 'Pit Viper' 'Pit Viper' 'Pit Viper' 'Pit Viper'
 'Pit Viper' 'Pit Viper' 'Pit Viper' 'Pit Viper' 'Pit Viper' 'Pit Viper'
 'Pit Viper' 'Pit Viper' 'Pit Viper' 'Pit Viper' 'Pit Viper' 'Python'
 'Python' 'Python' 'Python']","[ 2  3  4  5  6  7  8  9 10 12 13 15 16 17 18 19 20 21 24 25 26 27 28 30
 32 33 35 36 38 40 44 45 46 47 49 50 51 53 54 55 56 58 59 60 64 65 67 68
 69 70 71 73 74 75 77 78 79 80 81 82 83 84 86 89 90 91 92 93 94 95 96]","[ 0  1 11 14 22 23 29 31 34 37 39 41 42 43 48 52 57 61 62 63 66 72 76 85
 87 88]",61.53846153846154,50.0,"['Pit Viper' 'Pit Viper' 'Pit Viper' 'Pit Viper' 'Pit Viper' 'Pit Viper'
 'Pit Viper' 'Pit Viper' 'Pit Viper' 'Pit Viper' 'Pit Viper' 'Pit Viper'
 'Pit Viper' 'Pit Viper' 'Pit Viper' 'Pit Viper' 'Pit Viper' 'Pit Viper'
 'Pit Viper' 'Pit Viper' 'Pit Viper' 'Pit Viper' 'Pit Viper' 'Pit Viper'
 'Pit Viper' 'Pit Viper']",['Bronze Back' 'Pit Viper' 'Python'],3,33.33333333333333
68.75,0,"['Pit Viper' 'Pit Viper' 'Pit Viper' 'Python' 'Pit Viper' 'Pit Viper'
 'Pit Viper' 'Pit Viper' 'Pit Viper' 'Pit Viper' 'Python' 'Python'
 'Python' 'Pit Viper' 'Python' 'Python']","['Bronze Back' 'Bronze Back' 'Bronze Back' 'Pit Viper' 'Pit Viper'
 'Pit Viper' 'Pit Viper' 'Pit Viper' 'Pit Viper' 'Pit Viper' 'Python'
 'Python' 'Python' 'Python' 'Python' 'Python']","[ 0  1  2  3  4  5  7  8  9 10 11 13 14 15 16 17 18 20 21 22 23 24 25 26
 27 29 30 31 32 33 34 35 36 37 38 40 41 42 43 44 45 47 48 49 51 52 53 54
 55 56 58 59 60 61 62 65 66 67 68 69 70 71 72 73 75 76 77 78 80 81 82 83
 84 85 86 88 90 92 94 95 96]",[ 6 12 19 28 39 46 50 57 63 64 74 79 87 89 91 93],43.75,50.0,"['Pit Viper' 'Pit Viper' 'Pit Viper' 'Pit Viper' 'Pit Viper' 'Pit Viper'
 'Pit Viper' 'Pit Viper' 'Pit Viper' 'Pit Viper' 'Pit Viper' 'Pit Viper'
 'Pit Viper' 'Pit Viper' 'Pit Viper' 'Pit Viper']",['Bronze Back' 'Pit Viper' 'Python'],3,33.33333333333333
65.21739130434783,0,"['Bronze Back' 'Bronze Back' 'Bronze Back' 'Python' 'Pit Viper'
 'Pit Viper' 'Bronze Back' 'Pit Viper' 'Pit Viper' 'Pit Viper' 'Pit Viper'
 'Bronze Back' 'Pit Viper' 'Python' 'Pit Viper' 'Pit Viper' 'Bronze Back'
 'Python' 'Bronze Back' 'Python' 'Pit Viper' 'Python' 'Python']","['Bronze Back' 'Bronze Back' 'Bronze Back' 'Bronze Back' 'Bronze Back'
 'Bronze Back' 'Bronze Back' 'Pit Viper' 'Pit Viper' 'Pit Viper'
 'Pit Viper' 'Pit Viper' 'Pit Viper' 'Pit Viper' 'Pit Viper' 'Pit Viper'
 'Pit Viper' 'Python' 'Python' 'Python' 'Python' 'Python' 'Python']","[ 0  1  2  3  5  6  9 10 11 12 14 16 17 18 20 22 23 24 25 26 27 28 29 30
 31 33 34 35 36 37 38 40 41 42 43 44 45 46 47 48 49 51 52 53 54 58 59 61
 62 64 65 66 67 70 71 72 73 74 75 76 77 78 79 81 82 85 86 88 89 90 92 94
 95 96]",[ 4  7  8 13 15 19 21 32 39 50 55 56 57 60 63 68 69 80 83 84 87 91 93],43.47826086956522,50.0,"['Pit Viper' 'Pit Viper' 'Pit Viper' 'Pit Viper' 'Pit Viper' 'Pit Viper'
 'Pit Viper' 'Pit Viper' 'Pit Viper' 'Pit Viper' 'Pit Viper' 'Pit Viper'
 'Pit Viper' 'Pit Viper' 'Pit Viper' 'Pit Viper' 'Pit Viper' 'Pit Viper'
 'Pit Viper' 'Pit Viper' 'Pit Viper' 'Pit Viper' 'Pit Viper']",['Bronze Back' 'Pit Viper' 'Python'],3,33.33333333333333
57.89473684210527,0,"['Bronze Back' 'Pit Viper' 'Pit Viper' 'Bronze Back' 'Pit Viper'
 'Pit Viper' 'Pit Viper' 'Pit Viper' 'Pit Viper' 'Pit Viper' 'Pit Viper'
 'Pit Viper' 'Pit Viper' 'Bronze Back' 'Python' 'Pit Viper' 'Pit Viper'
 'Python' 'Python']","['Bronze Back' 'Bronze Back' 'Bronze Back' 'Bronze Back' 'Bronze Back'
 'Bronze Back' 'Bronze Back' 'Pit Viper' 'Pit Viper' 'Pit Viper'
 'Pit Viper' 'Pit Viper' 'Pit Viper' 'Pit Viper' 'Python' 'Python'
 'Python' 'Python' 'Python']","[ 0  1  2  3  5  6  7  9 10 11 12 14 15 19 21 22 23 24 25 26 27 28 29 30
 31 34 35 36 37 38 39 40 41 42 43 44 45 46 47 48 50 51 52 53 54 56 57 59
 60 61 62 63 64 65 66 67 69 71 72 73 74 75 76 78 79 80 81 85 86 87 88 89
 90 91 92 93 94 95]",[ 4  8 13 16 17 18 20 32 33 49 55 58 68 70 77 82 83 84 96],36.84210526315789,50.0,"['Pit Viper' 'Pit Viper' 'Pit Viper' 'Pit Viper' 'Pit Viper' 'Pit Viper'
 'Pit Viper' 'Pit Viper' 'Pit Viper' 'Pit Viper' 'Pit Viper' 'Pit Viper'
 'Pit Viper' 'Pit Viper' 'Pit Viper' 'Pit Viper' 'Pit Viper' 'Pit Viper'
 'Pit Viper']",['Bronze Back' 'Pit Viper' 'Python'],3,33.33333333333333
77.27272727272727,0,"['Bronze Back' 'Bronze Back' 'Pit Viper' 'Bronze Back' 'Bronze Back'
 'Pit Viper' 'Pit Viper' 'Pit Viper' 'Pit Viper' 'Pit Viper' 'Pit Viper'
 'Pit Viper' 'Pit Viper' 'Bronze Back' 'Bronze Back' 'Pit Viper' 'Python'
 'Python' 'Pit Viper' 'Python' 'Python' 'Python']","['Bronze Back' 'Bronze Back' 'Bronze Back' 'Bronze Back' 'Bronze Back'
 'Bronze Back' 'Pit Viper' 'Pit Viper' 'Pit Viper' 'Pit Viper' 'Pit Viper'
 'Pit Viper' 'Pit Viper' 'Pit Viper' 'Pit Viper' 'Pit Viper' 'Python'
 'Python' 'Python' 'Python' 'Python' 'Python']","[ 0  1  3  5  6  7  8  9 10 11 12 14 15 17 18 19 20 21 22 24 26 27 28 29
 30 32 33 34 37 38 39 40 41 43 44 45 46 47 48 50 52 53 54 56 57 58 59 60
 61 63 64 65 66 69 70 71 72 73 74 76 77 78 79 80 83 86 87 88 89 90 91 92
 93 95 96]",[ 2  4 13 16 23 25 31 35 36 42 49 51 55 62 67 68 75 81 82 84 85 94],45.45454545454545,50.0,"['Pit Viper' 'Pit Viper' 'Pit Viper' 'Pit Viper' 'Pit Viper' 'Pit Viper'
 'Pit Viper' 'Pit Viper' 'Pit Viper' 'Pit Viper' 'Pit Viper' 'Pit Viper'
 'Pit Viper' 'Pit Viper' 'Pit Viper' 'Pit Viper' 'Pit Viper' 'Pit Viper'
 'Pit Viper' 'Pit Viper' 'Pit Viper' 'Pit Viper']",['Bronze Back' 'Pit Viper' 'Python'],3,33.33333333333333
77.77777777777779,0,"['Pit Viper' 'Pit Viper' 'Bronze Back' 'Bronze Back' 'Pit Viper'
 'Pit Viper' 'Pit Viper' 'Pit Viper' 'Pit Viper' 'Pit Viper' 'Pit Viper'
 'Python' 'Pit Viper' 'Pit Viper' 'Python' 'Pit Viper' 'Python' 'Python']","['Bronze Back' 'Bronze Back' 'Bronze Back' 'Bronze Back' 'Pit Viper'
 'Pit Viper' 'Pit Viper' 'Pit Viper' 'Pit Viper' 'Pit Viper' 'Pit Viper'
 'Pit Viper' 'Pit Viper' 'Pit Viper' 'Python' 'Python' 'Python' 'Python']","[ 0  1  2  3  4  5  7  8  9 10 11 13 15 17 18 19 20 21 22 23 24 25 26 27
 28 29 30 31 32 33 35 36 37 38 40 41 42 43 44 45 50 51 52 53 54 55 56 58
 60 61 62 65 66 67 68 69 70 71 72 73 74 75 76 77 78 80 81 83 84 85 88 89
 90 91 92 93 94 95 96]",[ 6 12 14 16 34 39 46 47 48 49 57 59 63 64 79 82 86 87],55.55555555555556,50.0,"['Pit Viper' 'Pit Viper' 'Pit Viper' 'Pit Viper' 'Pit Viper' 'Pit Viper'
 'Pit Viper' 'Pit Viper' 'Pit Viper' 'Pit Viper' 'Pit Viper' 'Pit Viper'
 'Pit Viper' 'Pit Viper' 'Pit Viper' 'Pit Viper' 'Pit Viper' 'Pit Viper']",['Bronze Back' 'Pit Viper' 'Python'],3,33.33333333333333
70.58823529411765,0,"['Bronze Back' 'Pit Viper' 'Bronze Back' 'Pit Viper' 'Pit Viper'
 'Pit Viper' 'Pit Viper' 'Pit Viper' 'Python' 'Bronze Back' 'Pit Viper'
 'Python' 'Python' 'Pit Viper' 'Python' 'Python' 'Python']","['Bronze Back' 'Bronze Back' 'Bronze Back' 'Bronze Back' 'Pit Viper'
 'Pit Viper' 'Pit Viper' 'Pit Viper' 'Pit Viper' 'Pit Viper' 'Pit Viper'
 'Python' 'Python' 'Python' 'Python' 'Python' 'Python']","[ 0  1  2  3  5  6  7  8  9 10 11 12 14 15 17 19 20 21 22 23 24 25 26 27
 28 29 30 31 32 33 34 35 37 38 39 40 41 42 43 44 45 46 48 50 51 52 53 54
 56 57 58 60 61 62 63 64 65 66 69 70 71 72 73 74 75 76 78 79 80 83 85 87
 88 89 90 91 92 93 95 96]",[ 4 13 16 18 36 47 49 55 59 67 68 77 81 82 84 86 94],41.17647058823529,50.0,"['Pit Viper' 'Pit Viper' 'Pit Viper' 'Pit Viper' 'Pit Viper' 'Pit Viper'
 'Pit Viper' 'Pit Viper' 'Pit Viper' 'Pit Viper' 'Pit Viper' 'Pit Viper'
 'Pit Viper' 'Pit Viper' 'Pit Viper' 'Pit Viper' 'Pit Viper']",['Bronze Back' 'Pit Viper' 'Python'],3,33.33333333333333
68.18181818181817,0,"['Pit Viper' 'Bronze Back' 'Bronze Back' 'Bronze Back' 'Bronze Back'
 'Bronze Back' 'Pit Viper' 'Pit Viper' 'Python' 'Pit Viper' 'Pit Viper'
 'Pit Viper' 'Pit Viper' 'Bronze Back' 'Bronze Back' 'Pit Viper' 'Python'
 'Pit Viper' 'Python' 'Python' 'Bronze Back' 'Bronze Back']","['Bronze Back' 'Bronze Back' 'Bronze Back' 'Bronze Back' 'Bronze Back'
 'Bronze Back' 'Pit Viper' 'Pit Viper' 'Pit Viper' 'Pit Viper' 'Pit Viper'
 'Pit Viper' 'Pit Viper' 'Pit Viper' 'Pit Viper' 'Pit Viper' 'Pit Viper'
 'Pit Viper' 'Python' 'Python' 'Python' 'Python']","[ 0  2  4  5  6  7  8 10 12 13 15 16 17 19 20 21 22 23 24 25 26 28 31 32
 33 35 36 37 38 39 40 42 45 46 47 49 50 51 52 53 55 56 57 58 59 60 62 63
 64 65 67 68 69 70 72 73 74 75 78 79 80 81 82 83 84 85 86 87 88 89 91 92
 93 94 96]",[ 1  3  9 11 14 18 27 29 30 34 41 43 44 48 54 61 66 71 76 77 90 95],54.54545454545454,50.0,"['Pit Viper' 'Pit Viper' 'Pit Viper' 'Pit Viper' 'Pit Viper' 'Pit Viper'
 'Pit Viper' 'Pit Viper' 'Pit Viper' 'Pit Viper' 'Pit Viper' 'Pit Viper'
 'Pit Viper' 'Pit Viper' 'Pit Viper' 'Pit Viper' 'Pit Viper' 'Pit Viper'
 'Pit Viper' 'Pit Viper' 'Pit Viper' 'Pit Viper']",['Bronze Back' 'Pit Viper' 'Python'],3,33.33333333333333
73.91304347826086,0,"['Pit Viper' 'Bronze Back' 'Bronze Back' 'Pit Viper' 'Pit Viper' 'Python'
 'Pit Viper' 'Pit Viper' 'Pit Viper' 'Pit Viper' 'Pit Viper' 'Pit Viper'
 'Pit Viper' 'Pit Viper' 'Pit Viper' 'Pit Viper' 'Python' 'Python'
 'Python' 'Python' 'Pit Viper' 'Python' 'Python']","['Bronze Back' 'Bronze Back' 'Bronze Back' 'Bronze Back' 'Bronze Back'
 'Pit Viper' 'Pit Viper' 'Pit Viper' 'Pit Viper' 'Pit Viper' 'Pit Viper'
 'Pit Viper' 'Pit Viper' 'Pit Viper' 'Pit Viper' 'Pit Viper' 'Pit Viper'
 'Python' 'Python' 'Python' 'Python' 'Python' 'Python']","[ 0  2  3  4  5  7  8  9 10 13 14 15 16 17 18 20 21 22 23 24 25 26 27 30
 31 32 33 34 35 36 37 38 40 42 44 45 47 48 49 51 52 53 54 55 56 58 59 60
 62 65 67 68 69 70 71 72 73 74 75 77 78 80 81 82 83 84 85 86 88 90 92 94
 95 96]",[ 1  6 11 12 19 28 29 39 41 43 46 50 57 61 63 64 66 76 79 87 89 91 93],52.17391304347826,50.0,"['Pit Viper' 'Pit Viper' 'Pit Viper' 'Pit Viper' 'Pit Viper' 'Pit Viper'
 'Pit Viper' 'Pit Viper' 'Pit Viper' 'Pit Viper' 'Pit Viper' 'Pit Viper'
 'Pit Viper' 'Pit Viper' 'Pit Viper' 'Pit Viper' 'Pit Viper' 'Pit Viper'
 'Pit Viper' 'Pit Viper' 'Pit Viper' 'Pit Viper' 'Pit Viper']",['Bronze Back' 'Pit Viper' 'Python'],3,33.33333333333333
62.5,0,"['Bronze Back' 'Pit Viper' 'Bronze Back' 'Bronze Back' 'Bronze Back'
 'Bronze Back' 'Bronze Back' 'Pit Viper' 'Pit Viper' 'Pit Viper'
 'Pit Viper' 'Pit Viper' 'Pit Viper' 'Pit Viper' 'Pit Viper' 'Bronze Back'
 'Bronze Back' 'Bronze Back' 'Python' 'Pit Viper' 'Pit Viper' 'Pit Viper'
 'Pit Viper' 'Bronze Back']","['Bronze Back' 'Bronze Back' 'Bronze Back' 'Bronze Back' 'Bronze Back'
 'Bronze Back' 'Bronze Back' 'Pit Viper' 'Pit Viper' 'Pit Viper'
 'Pit Viper' 'Pit Viper' 'Pit Viper' 'Pit Viper' 'Pit Viper' 'Pit Viper'
 'Pit Viper' 'Pit Viper' 'Python' 'Python' 'Python' 'Python' 'Python'
 'Python']","[ 1  2  4  6  7  8  9 11 12 13 14 15 16 17 18 19 20 21 24 25 28 29 30 32
 33 34 35 36 39 41 43 44 46 47 48 49 50 51 53 55 56 57 58 59 60 61 63 64
 65 66 67 68 69 70 71 73 75 76 77 79 80 81 82 83 84 86 87 89 91 92 93 94
 96]",[ 0  3  5 10 22 23 26 27 31 37 38 40 42 45 52 54 62 72 74 78 85 88 90 95],45.83333333333333,50.0,"['Pit Viper' 'Pit Viper' 'Pit Viper' 'Pit Viper' 'Pit Viper' 'Pit Viper'
 'Pit Viper' 'Pit Viper' 'Pit Viper' 'Pit Viper' 'Pit Viper' 'Pit Viper'
 'Pit Viper' 'Pit Viper' 'Pit Viper' 'Pit Viper' 'Pit Viper' 'Pit Viper'
 'Pit Viper' 'Pit Viper' 'Pit Viper' 'Pit Viper' 'Pit Viper' 'Pit Viper']",['Bronze Back' 'Pit Viper' 'Python'],3,33.33333333333333
76.0,0,"['Bronze Back' 'Pit Viper' 'Bronze Back' 'Bronze Back' 'Pit Viper'
 'Bronze Back' 'Bronze Back' 'Pit Viper' 'Pit Viper' 'Pit Viper'
 'Pit Viper' 'Pit Viper' 'Pit Viper' 'Pit Viper' 'Pit Viper' 'Pit Viper'
 'Bronze Back' 'Python' 'Bronze Back' 'Python' 'Python' 'Pit Viper'
 'Python' 'Python' 'Python']","['Bronze Back' 'Bronze Back' 'Bronze Back' 'Bronze Back' 'Bronze Back'
 'Bronze Back' 'Bronze Back' 'Pit Viper' 'Pit Viper' 'Pit Viper'
 'Pit Viper' 'Pit Viper' 'Pit Viper' 'Pit Viper' 'Pit Viper' 'Pit Viper'
 'Pit Viper' 'Pit Viper' 'Pit Viper' 'Python' 'Python' 'Python' 'Python'
 'Python' 'Python']","[ 2  3  4  5  6  7  8  9 10 12 13 14 15 16 17 20 21 24 25 26 27 28 30 32
 33 34 35 36 38 39 40 44 45 46 47 48 49 51 53 54 55 56 57 58 59 60 63 64
 65 67 68 69 70 71 73 74 75 78 79 80 81 82 83 84 86 87 89 90 92 94 95 96]","[ 0  1 11 18 19 22 23 29 31 37 41 42 43 50 52 61 62 66 72 76 77 85 88 91
 93]",48.0,50.0,"['Pit Viper' 'Pit Viper' 'Pit Viper' 'Pit Viper' 'Pit Viper' 'Pit Viper'
 'Pit Viper' 'Pit Viper' 'Pit Viper' 'Pit Viper' 'Pit Viper' 'Pit Viper'
 'Pit Viper' 'Pit Viper' 'Pit Viper' 'Pit Viper' 'Pit Viper' 'Pit Viper'
 'Pit Viper' 'Pit Viper' 'Pit Viper' 'Pit Viper' 'Pit Viper' 'Pit Viper'
 'Pit Viper']",['Bronze Back' 'Pit Viper' 'Python'],3,33.33333333333333
